#  111.777  -6.536  16.321 ;Mean Elev.(m), Avg Gradient(m/km), RMS Gradient(m/km) - SRTM1     
#  119.166  -6.422  15.803 ;Mean Elev.(m), Avg Gradient(m/km), RMS Gradient(m/km) - ASTER GDEM
#  112.270  -6.486  16.487 ;Mean Elev.(m), Avg Gradient(m/km), RMS Gradient(m/km) - GMTED2010 
 11  33.830196 -16.433032   111.701   112.793  3 52592.31574685 41.280
 12  33.837887 -16.449469   111.923   111.923  2 52627.31566732 20.911
 13  33.832331 -16.439582   111.459   111.439  5 52662.31571107 39.924
 15  33.839504 -16.447267   109.956   109.950  4 52732.31571246 36.630
 23  33.832174 -16.433357   110.791   110.791  2 53012.31580742 26.524
 25  33.830123 -16.428030   111.430   111.430  2 53082.31580883 41.460
 27  33.829862 -16.430701   111.230   111.083  3 53152.31582857 19.363
 28  33.838597 -16.448837   145.898   141.578  4 53187.31581904  7.257
 29  33.834068 -16.446658   112.422   112.514  3 53222.31584102 25.754
 31  33.826771 -16.429355   111.321   111.321  2 53292.31583160 33.692
 33  33.836749 -16.448463   140.425   143.686  3 53362.31576462  7.167
 35  33.835236 -16.449023   109.187   109.187  2 53432.31577739 36.891
 36  33.832227 -16.436826   110.795   110.795  2 53467.31581026 26.715
 43  33.837506 -16.444821   111.856   111.918  5 53712.31575868 37.640
 46  33.838598 -16.442029   111.672   111.672  2 53817.31566656 17.831
 47  33.830209 -16.430891   111.041   111.012  3 53852.31573755 18.678
 48  33.839746 -16.449980   111.342   111.462  5 53887.31574666 35.822
 49  33.826890 -16.426640   112.812   113.245  3 53922.31581388 36.946
 50  33.827626 -16.433098   112.307   112.307  2 53957.31581016 10.038
 58  33.833573 -16.443944   111.151   111.386  3 54237.31575325 28.406
 59  33.833879 -16.443366   109.327   109.295  4 54272.31577306 46.166
 60  33.833895 -16.440639   113.039   113.227  5 54307.31577478 37.503
 61  33.834412 -16.447717   144.312   144.312  2 54342.31575584  2.884
 63  33.832575 -16.444757   139.630   139.630  2 54412.31570287  8.897
 71  33.833549 -16.443812   112.530   112.826  3 54692.31569607 25.743
 73  33.832788 -16.440256   111.447   111.232  5 54762.31567342 17.490
 76  33.833312 -16.438326   114.407   114.148  5 54867.31565421 36.340
 77  33.832519 -16.439945   111.685   111.648  5 54902.31567277 37.444
 79  33.833400 -16.440541   113.700   113.896  5 54972.31567682 16.094
 81  33.832738 -16.447244   143.014   143.014  2 55042.31568390  3.650
 85  33.832436 -16.439291   113.422   113.287  4 55182.31559503 37.854
 90  33.831875 -16.444551   114.070   114.070  2 55357.31558102 18.344
 92  33.832711 -16.447557   146.853   146.853  2 55427.31559733  2.028
 93  33.835152 -16.446300   144.732   144.732  2 55462.31556289  5.317
