#   10.718   0.032   0.739 ;Mean Elev.(m), Avg Gradient(m/km), RMS Gradient(m/km) - SRTM1     
#   21.190   0.543   2.259 ;Mean Elev.(m), Avg Gradient(m/km), RMS Gradient(m/km) - ASTER GDEM
#   10.615  -0.016   0.946 ;Mean Elev.(m), Avg Gradient(m/km), RMS Gradient(m/km) - GMTED2010 
  8  35.817169 -18.103108    12.017    12.030  6 52481.82502326 46.922
 10  35.817995 -18.103450    12.160    12.158  6 52551.82502497 34.297
 11  35.829709 -18.114098    11.713    11.713  2 52586.82499778 50.300
 12  35.819538 -18.104191    12.045    12.054  3 52621.82497092 44.393
 13  35.828370 -18.112236    13.209    13.209  2 52656.82497333 36.316
 17  35.833060 -18.115190    12.214    12.214  2 52796.82497626 41.515
 18  35.833000 -18.115458    12.405    12.405  2 52831.82504663 43.416
 19  35.833938 -18.116089    12.248    12.279  3 52866.82508960 41.788
 20  35.821389 -18.109264    11.559    11.578  3 52901.82511525 38.356
 21  35.818310 -18.103821    12.737    12.720  6 52936.82505638 45.586
 23  35.816009 -18.103723    13.209    13.222  4 53006.82509547 44.442
 25  35.817178 -18.104320    14.211    14.208  6 53076.82508198 49.807
 26  35.817960 -18.104338    13.204    13.199  6 53111.82505212 46.056
 27  35.818563 -18.102520    13.046    13.024  5 53146.82509626 45.678
 28  35.828928 -18.113550    12.644    12.644  2 53181.82509873 51.241
 30  35.816278 -18.103461    12.865    12.884  6 53251.82510234 46.241
 31  35.817581 -18.104345    12.780    12.768  6 53286.82509780 46.164
 32  35.833211 -18.115372    12.312    12.312  2 53321.82507137 44.087
 33  35.828860 -18.113605    13.374    13.374  2 53356.82503955 49.258
 37  35.812824 -18.095913    12.673    12.673  2 53496.82514296 46.224
 38  35.827927 -18.113344    12.197    12.197  2 53531.82511886 47.870
 39  35.813220 -18.096439    12.758    12.758  2 53566.82514561 46.240
 41  35.820477 -18.106519    12.349    12.412  3 53636.82508508 42.796
 42  35.816538 -18.102505    12.575    12.575  6 53671.82510664 46.115
 43  35.829449 -18.112615    12.290    12.290  2 53706.82503631 41.977
 45  35.830407 -18.114327    13.580    13.580  2 53776.82497253 38.834
 49  35.812363 -18.095927    13.347    13.347  2 53916.82508864 47.683
 53  35.833253 -18.115684    13.086    13.086  2 54056.82505915 46.936
 64  35.828062 -18.112946    12.790    12.790  2 54441.82493910 48.695
 72  35.827587 -18.112973    12.863    12.863  2 54721.82493075 22.751
 80  35.819633 -18.104419    13.072    13.075  4 55001.82497139 45.503
 85  35.827952 -18.112868    12.696    12.696  2 55176.82485745 32.805
