#   12.614   0.234   0.747 ;Mean Elev.(m), Avg Gradient(m/km), RMS Gradient(m/km) - SRTM1     
#   22.882   0.361   1.644 ;Mean Elev.(m), Avg Gradient(m/km), RMS Gradient(m/km) - ASTER GDEM
#   12.990   0.234   0.906 ;Mean Elev.(m), Avg Gradient(m/km), RMS Gradient(m/km) - GMTED2010 
  9  35.832391 -18.141161    11.307    11.295  7 52516.82496908 47.322
 11  35.835284 -18.137712    11.116    11.273  3 52586.82499316 41.477
 12  35.829522 -18.146482    10.611    10.611  2 52621.82496264 33.148
 13  35.834469 -18.138049    12.672    12.808  3 52656.82496828 44.304
 15  35.832058 -18.138005    12.540    12.586  6 52726.82499651 46.942
 17  35.837867 -18.135509    11.583    11.662  3 52796.82497228 44.213
 18  35.837800 -18.135777    11.844    11.936  3 52831.82504265 42.514
 19  35.840424 -18.143549    11.573    11.464  3 52866.82508423 46.068
 20  35.829298 -18.142768    11.117    11.168  4 52901.82510870 35.433
 22  35.830517 -18.142265    11.753    11.680  6 52971.82507592 38.237
 24  35.830088 -18.142172    12.959    12.994  6 53041.82504188 41.258
 28  35.834378 -18.136617    11.940    12.080  4 53181.82509421 48.285
 29  35.829733 -18.143199    11.784    11.781  5 53216.82511623 39.367
 32  35.838011 -18.135694    11.865    11.919  3 53321.82506740 43.231
 33  35.834307 -18.136673    12.694    12.788  4 53356.82503504 49.369
 34  35.831319 -18.141070    13.223    13.207  7 53391.82504813 44.797
 35  35.833059 -18.135740    11.849    11.994  5 53426.82504477 49.480
 36  35.835750 -18.138014    11.570    11.601  3 53461.82505778 44.846
 38  35.834543 -18.141354    11.289    11.347  4 53531.82511338 47.877
 40  35.831450 -18.141876    11.425    11.433  7 53601.82508043 45.921
 41  35.829300 -18.143864    11.353    11.377  3 53636.82507778 29.463
 43  35.835539 -18.138428    11.719    11.806  3 53706.82503126 44.148
 44  35.831869 -18.140959    12.630    12.619  7 53741.82494327 48.130
 45  35.836636 -18.140689    12.700    12.753  4 53776.82496737 43.725
 46  35.831406 -18.141168    14.525    14.525  6 53811.82494564 50.095
 47  35.829475 -18.142263    12.683    12.746  4 53846.82499641 41.983
 52  35.832325 -18.137952    12.417    12.482  6 54021.82506346 48.488
 53  35.838048 -18.136006    12.587    12.721  3 54056.82505518 43.245
 54  35.830276 -18.140711    12.209    12.176  6 54091.82503803 40.565
 55  35.833131 -18.136238    13.850    13.977  5 54126.82497206 47.641
 56  35.829848 -18.142373    13.964    14.002  5 54161.82500663 46.084
 57  35.832215 -18.137980    12.590    12.644  6 54196.82497349 46.717
 58  35.832095 -18.141584    11.985    11.967  7 54231.82501973 46.225
 59  35.831981 -18.141308    12.030    12.033  6 54266.82503817 47.033
 60  35.832622 -18.142220    11.898    11.874  7 54301.82504205 47.693
 61  35.831423 -18.142686    12.126    12.161  6 54336.82502896 46.579
 62  35.833673 -18.142080    12.126    12.159  4 54371.82497458 46.582
 63  35.830323 -18.141773    12.252    12.299  6 54406.82497403 42.357
 64  35.834160 -18.138757    12.135    12.251  3 54441.82493405 44.935
 65  35.832116 -18.138700    15.084    15.083  6 54476.82496288 48.811
 66  35.833090 -18.136407    15.018    15.115  5 54511.82495014 46.950
 67  35.830993 -18.141505    12.738    12.729  7 54546.82497625 46.108
 68  35.832243 -18.137960    12.348    12.424  5 54581.82494591 47.689
 69  35.832305 -18.141130    12.376    12.378  7 54616.82496669 48.558
 70  35.830092 -18.142520    12.385    12.391  6 54651.82497872 45.865
 71  35.830131 -18.141363    12.364    12.431  5 54686.82497041 47.621
 72  35.834203 -18.140982    12.059    12.005  4 54721.82492527 28.437
 73  35.830609 -18.141200    12.159    12.157  6 54756.82494547 45.534
 74  35.832584 -18.142012    12.024    12.005  7 54791.82491764 45.169
 75  35.832204 -18.141621    13.929    13.917  7 54826.82494257 42.872
 76  35.832508 -18.136252    14.148    14.204  5 54861.82491323 47.127
 77  35.829442 -18.141098    12.714    12.709  5 54896.82494284 47.405
 78  35.831594 -18.141411    13.130    13.128  6 54931.82490822 35.478
 79  35.831016 -18.141603    12.324    12.336  6 54966.82494432 48.573
 80  35.829364 -18.145610    12.083    12.083  2 55001.82496333 42.413
 81  35.832560 -18.140913    12.487    12.531  6 55036.82494996 33.012
 82  35.830034 -18.141959    11.919    11.898  6 55071.82493779 44.143
 83  35.832207 -18.141418    11.900    11.901  6 55106.82488231 42.392
 84  35.830152 -18.141741    12.485    12.499  5 55141.82488746 48.744
 85  35.834050 -18.138679    11.873    11.867  3 55176.82485240 24.961
 86  35.831100 -18.141375    12.106    12.117  6 55211.82488262 46.875
 87  35.832547 -18.140291    12.294    12.299  6 55246.82485524 45.896
 88  35.830036 -18.142391    13.743    13.767  6 55281.82487561 45.909
 89  35.830096 -18.141873    13.836    13.851  6 55316.82484451 48.884
 90  35.830686 -18.142237    13.705    13.711  6 55351.82484847 45.827
 91  35.831488 -18.141423    14.340    14.325  6 55386.82484367 45.470
 92  35.832171 -18.141546    11.974    11.950  7 55421.82486638 44.744
 93  35.830496 -18.141952    11.884    11.917  5 55456.82484089 46.057
