#   81.035  -5.944   8.986 ;Mean Elev.(m), Avg Gradient(m/km), RMS Gradient(m/km) - SRTM1     
#   94.480  -5.749   8.464 ;Mean Elev.(m), Avg Gradient(m/km), RMS Gradient(m/km) - ASTER GDEM
#   81.218  -5.335   9.090 ;Mean Elev.(m), Avg Gradient(m/km), RMS Gradient(m/km) - GMTED2010 
  7    82.221 52468.31380411  9.39  34.479340 -16.743845  4.428
  7    82.313 52468.31380475 10.99  34.478570 -16.747145  4.428
  8   103.800 52503.31379150 10.15  34.481456 -16.736717  4.791
  8   102.189 52503.31379214 12.96  34.480696 -16.740017  4.791
  8   101.958 52503.31379279 14.54  34.479926 -16.743317  4.791
  9   104.264 52538.31377627  9.54  34.480654 -16.737813  2.633
  9   108.394 52538.31377692 11.12  34.479884 -16.741113  2.633
 10   114.743 52573.31381651  6.53  34.479194 -16.735270  5.701
 10   112.177 52573.31381715  6.88  34.478424 -16.738570  5.701
 10   109.375 52573.31381780  7.94  34.477644 -16.741870  5.701
 11   113.759 52608.31377612  5.34  34.483288 -16.742293  3.237
 11   110.304 52608.31377677  5.57  34.482518 -16.745593  3.237
 11    81.246 52608.31377805 22.23  34.480979 -16.752184  4.422
 12   115.750 52643.31377023 12.83  34.480454 -16.735364  5.564
 12   111.603 52643.31377087 14.36  34.479694 -16.738664  5.564
 12   103.037 52643.31377151 18.42  34.478914 -16.741964  5.564
 13   103.290 52678.31375448 17.03  34.484710 -16.745295  4.981
 13    81.388 52678.31375577 37.65  34.483170 -16.751885  4.981
 13    80.604 52678.31375641 36.01  34.482400 -16.755185  4.981
 16   102.151 52783.31375732 13.72  34.478541 -16.735795  5.411
 16   102.282 52783.31375796 14.68  34.477771 -16.739095  5.411
 16    81.342 52783.31375925 35.23  34.476231 -16.745685  5.411
 17   102.611 52818.31383499 13.93  34.478385 -16.735319  5.424
 17   102.099 52818.31383564 14.78  34.477615 -16.738609  5.424
 17   102.125 52818.31383628 16.88  34.476845 -16.741909  5.424
 18   102.363 52853.31388516 10.57  34.482289 -16.738688  5.618
 18   102.444 52853.31388580 12.48  34.481519 -16.741978  5.618
 18    80.206 52853.31388774 38.95  34.479199 -16.751868  5.618
 20   103.170 52923.31387389 11.61  34.482015 -16.741173  4.683
 20   102.837 52923.31387454 12.35  34.481245 -16.744463  4.683
 20    80.281 52923.31387583 39.19  34.479705 -16.751063  4.683
 21   102.509 52958.31384082 13.74  34.484853 -16.745311  4.558
 21    80.840 52958.31384211 32.03  34.483313 -16.751901  4.558
 21    79.720 52958.31384275 35.68  34.482543 -16.755201  4.558
 22   102.685 52993.31386665 12.64  34.483109 -16.742090  2.867
 22   102.865 52993.31386729 13.55  34.482346 -16.745381  4.957
 22    81.186 52993.31386858 37.87  34.480806 -16.751981  4.957
 23   107.639 53028.31383192  8.85  34.485972 -16.745480  3.483
 23    81.011 53028.31383321 26.47  34.484426 -16.752071  4.359
 23    80.383 53028.31383386 27.15  34.483656 -16.755371  4.359
 23    80.001 53028.31383450 25.60  34.482886 -16.758671  4.359
 24   108.449 53063.31384008 13.24  34.485852 -16.744459  4.243
 24    81.805 53063.31384137 34.85  34.484319 -16.751049  5.512
 24    80.592 53063.31384201 37.98  34.483549 -16.754349  5.512
 24    80.907 53063.31384266 35.45  34.482779 -16.757649  5.512
 25   113.055 53098.31385470  9.94  34.478934 -16.733948  5.151
 25   103.396 53098.31385534 12.23  34.478154 -16.737248  5.151
 25   103.180 53098.31385599 12.46  34.477394 -16.740538  5.151
 26    81.756 53133.31383922 32.69  34.485782 -16.752477  5.524
 26    80.760 53133.31383987 36.12  34.485012 -16.755777  5.524
 26    80.471 53133.31384051 34.58  34.484242 -16.759077  5.524
 28   103.179 53203.31391141 12.41  34.480615 -16.737484  4.690
 28   102.579 53203.31391205 14.73  34.479835 -16.740784  4.690
 28   102.706 53203.31391270 15.94  34.479075 -16.744084  4.690
 29   106.060 53238.31388157  8.40  34.487115 -16.747617  3.567
 29    80.245 53238.31388286 30.36  34.485575 -16.754207  3.567
 29    79.862 53238.31388351 30.47  34.484805 -16.757507  3.567
 30   103.012 53273.31384020 12.81  34.481735 -16.739302  3.566
 30   102.551 53273.31384085 14.71  34.480965 -16.742602  3.566
 31   102.900 53308.31389840 12.74  34.476957 -16.735007  5.155
 31   102.984 53308.31389905 14.17  34.476187 -16.738307  5.155
 33   103.385 53378.31380722 15.61  34.482624 -16.742827  3.536
 33    82.310 53378.31380851 40.15  34.481082 -16.749416 13.979
 33    80.019 53378.31380915 41.19  34.480312 -16.752716 13.979
 34    84.193 53413.31384318 35.85  34.484551 -16.746493  9.823
 34    84.471 53413.31384383 37.75  34.483771 -16.749793  9.823
 34    82.581 53413.31384447 37.65  34.483001 -16.753093  9.823
 34    83.132 53413.31384512 32.06  34.482239 -16.756383 18.713
 35   104.307 53448.31382940 10.63  34.480297 -16.736643  6.099
 35   102.366 53448.31383004 12.28  34.479527 -16.739943  6.099
 35    81.389 53448.31383133 32.28  34.477987 -16.746533  6.099
 36   102.916 53483.31391391 15.12  34.475113 -16.733354  5.987
 36   101.307 53483.31391456 17.66  34.474333 -16.736654  5.987
 36    81.674 53483.31391585 37.49  34.472793 -16.743244  5.987
 37   102.612 53518.31391482 13.31  34.482686 -16.742092  4.036
 37    80.631 53518.31391676 41.72  34.480376 -16.751982  4.036
 38   103.157 53553.31393550 14.01  34.476703 -16.733235  4.775
 38   102.539 53553.31393614 16.66  34.475933 -16.736535  4.775
 38   102.251 53553.31393679 17.42  34.475163 -16.739835  4.775
 39   106.771 53588.31388698 11.14  34.486230 -16.744836  5.051
 39    81.199 53588.31388827 32.67  34.484690 -16.751426  5.051
 39    79.484 53588.31388892 40.43  34.483920 -16.754726  5.051
 39    80.345 53588.31388956 33.03  34.483142 -16.758017  3.815
 40   112.852 53623.31385664  9.88  34.474871 -16.732123  4.512
 40   111.194 53623.31385729  9.72  34.474101 -16.735423  4.512
 40   103.167 53623.31385793 11.08  34.473331 -16.738723  4.512
 41   114.130 53658.31388498  7.50  34.479318 -16.736931  4.086
 41   111.358 53658.31388563  7.70  34.478548 -16.740231  4.086
 41   109.329 53658.31388627  7.52  34.477778 -16.743521  4.086
 42   109.372 53693.31386645 11.81  34.481202 -16.739672  4.579
 42   103.112 53693.31386709 13.07  34.480432 -16.742972  4.579
 43   107.345 53728.31379036 11.82  34.485633 -16.744253  4.196
 43    81.719 53728.31379165 32.69  34.484093 -16.750843  4.196
 43    81.052 53728.31379230 37.76  34.483323 -16.754143  4.196
 43    79.074 53728.31379294 38.40  34.482549 -16.757435  4.447
 44    82.043 53763.31374982 31.95  34.485539 -16.748213  4.228
 44    81.977 53763.31375047 38.44  34.484769 -16.751513  4.228
 44    81.560 53763.31375111 39.27  34.484002 -16.754802  8.862
 44    81.244 53763.31375175 35.26  34.483232 -16.758102  8.862
 45    82.425 53798.31375911 32.04  34.485147 -16.747813  4.442
 45    81.507 53798.31375976 36.28  34.484377 -16.751113  4.442
 45    81.353 53798.31376040 32.22  34.483607 -16.754413  4.442
 45    81.458 53798.31376105 28.81  34.482840 -16.757704  5.030
 47    84.183 53868.31381687 33.60  34.479846 -16.736737 29.361
 47    84.739 53868.31381752 36.54  34.479076 -16.740037 29.361
 47    85.952 53868.31381816 35.48  34.478306 -16.743327 29.361
 47    84.196 53868.31381881 35.15  34.477526 -16.746627 29.361
 48   103.808 53903.31384869 12.67  34.480718 -16.737066  3.941
 48   103.311 53903.31384933 14.15  34.479958 -16.740366  3.941
 48   103.751 53903.31384998 13.58  34.479188 -16.743656  3.941
 48    81.827 53903.31385062 33.54  34.478408 -16.746956  3.941
 49   103.552 53938.31388395 14.81  34.473282 -16.731353  6.170
 49   103.004 53938.31388460 17.00  34.472512 -16.734653  6.170
 49   103.606 53938.31388524 16.04  34.471742 -16.737943  6.170
 50   102.885 53973.31384759 13.44  34.479860 -16.738409  5.444
 50   102.834 53973.31384824 15.21  34.479090 -16.741699  5.444
 51   103.091 54008.31383665 13.55  34.481913 -16.738897  5.439
 51   102.293 54008.31383729 15.47  34.481143 -16.742197  5.439
 51    82.266 54008.31383858 36.12  34.479603 -16.748787  5.439
 52   103.070 54043.31386061 14.09  34.484934 -16.744157  4.229
 52    81.758 54043.31386190 38.78  34.483394 -16.750747  4.229
 52    81.805 54043.31386254 38.42  34.482624 -16.754047  4.229
 53   102.735 54078.31385381 14.61  34.482243 -16.741842  4.889
 53    81.855 54078.31385575 40.20  34.479933 -16.751732  4.889
 54   103.659 54113.31379158 14.67  34.482962 -16.743135  5.614
 54    82.392 54113.31379287 42.18  34.481422 -16.749725  5.614
 54    79.199 54113.31379351 46.91  34.480652 -16.753025  5.614
 56    83.472 54183.31378100 34.42  34.482829 -16.743250 15.805
 56    83.586 54183.31378164 38.90  34.482059 -16.746550 15.805
 56    83.661 54183.31378229 38.10  34.481289 -16.749840 15.805
 56    82.314 54183.31378293 38.19  34.480519 -16.753140 15.805
 57    81.955 54218.31380661 34.28  34.479304 -16.742141  7.761
 57    82.069 54218.31380726 42.16  34.478534 -16.745441  7.761
 58   102.516 54253.31383139 10.84  34.481016 -16.739822  6.879
 58    80.790 54253.31383268 31.27  34.479486 -16.746412  6.879
 59   103.261 54288.31383606 12.01  34.483699 -16.740797  5.878
 59    81.168 54288.31383799 38.69  34.481389 -16.750687  5.878
 60   103.317 54323.31383317 13.27  34.483364 -16.741098  7.363
 60    81.601 54323.31383510 41.65  34.481064 -16.750988  7.363
 61   109.174 54358.31379035  7.63  34.484367 -16.743373  5.312
 61    81.834 54358.31379164 26.35  34.482827 -16.749973  5.312
 61    80.783 54358.31379229 30.61  34.482057 -16.753263  5.312
 62   110.105 54393.31377349  9.95  34.482562 -16.739696  5.963
 62   108.129 54393.31377413 10.47  34.481792 -16.742996  5.963
 62    80.472 54393.31377542 35.82  34.480252 -16.749586  5.963
 63   102.353 54428.31374103 15.70  34.483276 -16.744188  6.798
 63    81.422 54428.31374232 40.99  34.481736 -16.750778  6.798
 63    78.737 54428.31374296 42.41  34.480966 -16.754078  6.798
 64   110.595 54463.31375188 14.19  34.482303 -16.739664  8.434
 64   107.076 54463.31375253 14.94  34.481533 -16.742964  8.434
 64    84.043 54463.31375382 39.15  34.479983 -16.749554  8.434
 65    84.567 54498.31375064 37.13  34.482860 -16.745118  9.636
 65    83.888 54498.31375128 41.59  34.482080 -16.748418  9.636
 65    84.567 54498.31375193 39.68  34.481310 -16.751708  9.636
 66    84.440 54533.31376563 33.69  34.483347 -16.740283 10.965
 66    84.756 54533.31376627 34.42  34.482587 -16.743573 10.965
 66    83.465 54533.31376692 37.20  34.481807 -16.746873 10.965
 66    83.373 54533.31376756 37.75  34.481037 -16.750173 10.965
 66    82.812 54533.31376820 35.38  34.480274 -16.753463 21.401
 67    81.044 54568.31375456 36.92  34.483143 -16.746415  5.155
 67    81.020 54568.31375521 39.56  34.482373 -16.749715  5.155
 67    81.133 54568.31375585 37.43  34.481603 -16.753015  5.155
 68   102.925 54603.31376025 13.11  34.481565 -16.739036  4.925
 68    81.942 54603.31376154 33.61  34.480025 -16.745626  4.925
 69   103.054 54638.31377119 13.25  34.481699 -16.738011  4.823
 69   103.087 54638.31377183 15.31  34.480929 -16.741311  4.823
 69    82.242 54638.31377312 38.68  34.479389 -16.747901  4.823
 70   103.399 54673.31377381 12.92  34.481660 -16.738335  2.673
 70   102.621 54673.31377445 16.10  34.480890 -16.741635  2.673
 71   103.015 54708.31373332 16.64  34.484543 -16.743573  5.639
 71    81.749 54708.31373461 35.58  34.483003 -16.750163  5.639
 71    81.475 54708.31373526 41.10  34.482233 -16.753453  5.639
 72   102.959 54743.31374039 14.50  34.481634 -16.739262  4.004
 72   102.872 54743.31374104 15.11  34.480864 -16.742552  4.004
 73   103.559 54778.31371582 13.87  34.483741 -16.741853  4.902
 73    81.854 54778.31371776 38.59  34.481431 -16.751743  4.902
 74   102.797 54813.31373308 14.27  34.481626 -16.738514  4.242
 74   104.429 54813.31373373 12.94  34.480856 -16.741814  4.242
 75   109.190 54848.31371549 13.40  34.482762 -16.742257  4.764
 75    82.513 54848.31371678 39.33  34.481222 -16.748847  4.764
 75    81.791 54848.31371743 40.22  34.480452 -16.752147  4.764
 76   103.670 54883.31373693 13.70  34.480943 -16.737171  4.171
 76    82.200 54883.31373822 39.47  34.479403 -16.743761  4.171
 76    82.440 54883.31373887 42.79  34.478633 -16.747061  4.171
 77    82.338 54918.31371798 35.06  34.480837 -16.744464  5.446
 77    82.532 54918.31371863 39.73  34.480067 -16.747764  5.446
 77    82.248 54918.31371927 41.69  34.479297 -16.751064  5.446
 78   103.205 54953.31373076 16.05  34.480693 -16.739584  5.614
 78    81.926 54953.31373205 36.45  34.479153 -16.746174  5.614
 79   102.736 54988.31375499 14.94  34.479792 -16.736613  4.646
 79   101.953 54988.31375563 17.05  34.479022 -16.739913  4.646
 79    81.983 54988.31375692 36.80  34.477482 -16.746503  4.646
 80   103.107 55023.31374773 14.65  34.483666 -16.741489  3.899
 80   102.126 55023.31374837 17.15  34.482896 -16.744779  3.899
 80    81.099 55023.31374966 40.86  34.481356 -16.751379  3.899
 81   114.147 55058.31374254  5.75  34.482944 -16.740292  4.309
 81   112.938 55058.31374318  5.58  34.482174 -16.743592  4.309
 81    81.101 55058.31374447 24.14  34.480634 -16.750182  4.309
 82   103.096 55093.31369827 14.55  34.482771 -16.742933  5.901
 82    81.359 55093.31369955 33.92  34.481231 -16.749533  5.901
 82    80.697 55093.31370020 38.47  34.480461 -16.752823  5.901
 83   103.245 55128.31368356 13.44  34.482120 -16.738366  3.920
 83   103.087 55128.31368420 14.60  34.481350 -16.741656  3.920
 83    82.006 55128.31368549 34.97  34.479800 -16.748256  3.920
 83    81.371 55128.31368614 39.34  34.479037 -16.751547  5.131
 84   102.791 55163.31365943 15.79  34.482594 -16.742116  5.561
 84    81.588 55163.31366071 35.74  34.481054 -16.748716  5.561
 84    81.598 55163.31366136 39.98  34.480284 -16.752006  5.561
 85   103.565 55198.31367439 12.85  34.481379 -16.737140  4.140
 85   103.088 55198.31367504 15.32  34.480609 -16.740440  4.140
 86   103.243 55233.31366401 12.25  34.482690 -16.739880  4.388
 86   103.043 55233.31366465 12.92  34.481920 -16.743180  4.388
 86    81.822 55233.31366594 37.49  34.480380 -16.749770  4.388
 87   104.349 55268.31366948 15.19  34.482022 -16.740386  4.359
 87    83.423 55268.31367077 34.65  34.480472 -16.746976  4.359
 87    83.623 55268.31367141 40.32  34.479702 -16.750276  4.359
 88    82.460 55303.31364452 38.36  34.483496 -16.749190 10.477
 88    82.130 55303.31364516 41.50  34.482726 -16.752490 10.477
 88    82.824 55303.31364581 38.82  34.481956 -16.755790 10.477
 89   103.568 55338.31364271 13.23  34.482486 -16.738999  5.704
 89    82.099 55338.31364465 39.38  34.480176 -16.748889  5.704
 89    80.733 55338.31364529 43.94  34.479396 -16.752189  5.704
 90   104.067 55373.31363379 13.43  34.483348 -16.740390  3.927
 90   106.746 55373.31363444 11.74  34.482578 -16.743680  3.927
 90    82.995 55373.31363572 38.47  34.481038 -16.750280  3.927
 91   102.765 55408.31365433 13.21  34.482886 -16.741635  3.915
 91   102.038 55408.31365497 12.16  34.482116 -16.744925  3.915
 91    81.408 55408.31365626 37.09  34.480576 -16.751525  3.915
 92   110.641 55443.31365160  9.05  34.483185 -16.740178  4.600
 92   105.436 55443.31365224 11.25  34.482415 -16.743478  4.600
 92    81.315 55443.31365353 30.49  34.480875 -16.750068  4.600
 92    81.010 55443.31365418 34.46  34.480105 -16.753368  4.600
 93   102.857 55478.31359142 11.72  34.484792 -16.743627  4.880
 93    81.135 55478.31359336 35.96  34.482482 -16.753517  4.880
