-177181.829   168.931     0.00    8.34
-176805.292   170.423     3.96    7.11
-176428.745   173.281     7.59    7.71
-176052.189   175.129     4.91    8.99
-175675.624   175.306     0.47   10.08
-175299.051   172.896    -6.40   11.71
-174922.468   171.751    -3.04   10.52
-174545.876   173.230     3.93   12.90
-174169.275   182.947    25.80   17.79
-173792.665   196.454    35.86   14.80
-173416.046   202.829    16.93   14.22
-173040.632   202.579    -0.67   16.17
-172665.804   199.426    -8.41   18.10
-172290.966   189.933   -25.32   23.64
-171916.119   178.771   -29.77   22.87
-171541.264   175.554    -8.58   19.19
-171166.399   175.754     0.53   18.27
-170791.526   179.879    11.00   18.20
-170416.643   185.879    16.00   16.81
-170041.752   184.072    -4.82   15.65
-169666.851   184.033    -0.10   12.64
-169291.942   181.716    -6.18   11.27
-168917.023   177.691   -10.73   10.23
-168542.096   173.904   -10.10    9.62
-168167.159   170.460    -9.18    9.78
-167792.214   166.228   -11.29    9.51
-167417.259   161.229   -13.33    7.30
-167042.296   157.127   -10.94    4.74
-166667.324   155.152    -5.26    5.99
-166292.342   153.537    -4.31    7.32
-165917.352   152.754    -2.09    9.20
-165542.352   150.620    -5.69   10.52
-165167.344   147.973    -7.06   10.91
-164792.327   144.332    -9.71    9.76
-164417.300   141.281    -8.14    9.01
-164042.265   137.896    -9.02    7.85
-163667.220   136.704    -3.18    8.40
-163292.167   134.050    -7.08    7.86
-162917.104   131.151    -7.73    7.95
-162542.033   128.354    -7.46    7.08
-162166.952   126.984    -3.65    7.52
-161791.862   127.862     2.34    9.09
-161416.764   135.079    19.24   11.72
-161041.656   140.914    15.56   11.85
-160666.539   145.379    11.90    9.88
-160291.414   144.454    -2.47   10.81
-159916.279   141.414    -8.10   10.39
-159541.135   141.204    -0.56    8.87
-159165.982   143.101     5.06   10.78
-158790.820   148.838    15.29    9.62
-158415.649   153.125    11.43    7.11
-158040.469   153.947     2.19    6.66
-157665.280   154.254     0.82    7.30
-157290.082   155.479     3.26    9.09
-156914.875   158.229     7.33   12.19
-156539.658   165.690    19.88   12.53
-156164.433   167.511     4.85   12.20
-155789.199   167.101    -1.09   13.22
-155413.955   166.306    -2.12   11.76
-155038.702   164.947    -3.62    9.81
-154663.441   163.640    -3.48    8.64
-154288.170   164.054     1.10    6.48
-153912.890   162.178    -5.00    6.33
-153537.601   159.050    -8.33    8.22
-153162.303   155.399    -9.73    7.68
-152786.996   151.768    -9.67    8.26
-152411.680   147.479   -11.43    7.37
-152036.355   145.625    -4.94    8.65
-151661.021   145.608    -0.04   10.69
-151285.677   144.870    -1.97   11.70
-150910.325   145.604     1.95   10.63
-150534.963   142.354    -8.66    8.30
-150159.592   138.178   -11.12    8.38
-149784.212   133.911   -11.37    8.62
-149408.823   129.625   -11.42    8.25
-149033.425   127.570    -5.47   10.22
-148658.018   125.572    -5.32   10.32
-148282.602   123.152    -6.44    9.48
-147907.176   123.204     0.14    9.48
-147531.742   124.046     2.24   10.87
-147156.298   122.254    -4.77   10.66
-146780.845   118.178   -10.85   12.25
-146405.384   112.625   -14.79   12.09
-146029.912   108.350   -11.38   12.15
-145654.432   103.447   -13.06   10.21
-145278.943   102.911    -1.43    8.18
-144903.444   104.281     3.65    9.05
-144527.937   107.563     8.74    7.61
-144152.420   109.429     4.97    6.93
-143776.894   108.358    -2.85    7.95
-143401.359   109.228     2.32    8.66
-143025.815   110.730     4.00    8.86
-142650.262   110.904     0.46    8.72
-142274.699   114.434     9.40    8.63
-141899.127   117.374     7.83   10.33
-141523.547   121.754    11.66    9.44
-141147.957   123.835     5.54    8.83
-140772.357   120.579    -8.67   11.38
-140396.749   113.729   -18.24   13.29
-140021.132   107.082   -17.69   11.94
-139645.505   103.579    -9.33    9.54
-139269.869   102.075    -4.00   10.59
-138894.224   104.467     6.37   10.75
-138518.570   103.598    -2.31   10.72
-138142.906    98.454   -13.69   12.33
-137767.234    92.588   -15.61   12.75
-137391.552    85.329   -19.32    9.85
-137015.861    82.665    -7.09    7.65
-136640.161    81.954    -1.89    8.84
-136264.452    81.789    -0.44   10.12
-135888.733    84.665     7.65   12.64
-135513.005    85.845     3.14   13.80
-135137.268    86.254     1.09   12.50
-134761.522    83.947    -6.14   11.91
-134385.767    75.254   -23.13   14.11
-134010.002    68.332   -18.42   14.08
-133634.229    65.954    -6.33   12.92
-133258.446    63.563    -6.36   10.09
-132882.653    64.050     1.30   12.68
-132506.852    67.155     8.26   13.59
-132131.041    73.309    16.37   16.20
-131755.222    74.254     2.51   14.38
-131379.392    73.529    -1.93   11.87
-131003.554    71.979    -4.12    9.49
-130627.707    66.379   -14.90    7.98
-130251.850    65.555    -2.19    8.01
-129875.984    65.852     0.79    8.83
-129500.108    69.414     9.48    9.59
-129124.224    75.604    16.47    8.13
-128748.330    79.057     9.19    8.68
-128372.427    83.104    10.76    8.82
-127996.515    89.329    16.56   10.50
-127620.593    94.967    15.00    8.67
-127244.663    99.374    11.72    7.01
-126868.723   100.570     3.18    4.93
-126492.773   100.845     0.73    5.18
-126116.815    99.329    -4.03    5.52
-125740.847    98.098    -3.27    5.17
-125364.870    96.108    -5.29    5.22
-124988.884    93.304    -7.46    4.70
-124612.888    91.050    -5.99    4.70
-124236.883    88.588    -6.55    4.59
-123860.869    86.178    -6.41    4.90
-123484.846    84.862    -3.50    5.27
-123108.813    84.177    -1.82    6.13
-122732.771    83.692    -1.29    6.65
-122356.720    82.691    -2.66    7.12
-121980.659    80.922    -4.70    8.79
-121604.589    80.379    -1.44    8.59
-121228.510    79.309    -2.84    7.93
-120852.422    80.999     4.49    4.96
-120476.324    81.383     1.02    4.75
-120100.217    78.281    -8.25    5.95
-119724.101    74.423   -10.26    6.83
-119347.975    68.565   -15.57    6.61
-118971.840    63.929   -12.32    5.70
-118595.696    61.614    -6.15    4.82
-118219.542    63.904     6.09    6.98
-117843.379    68.979    13.49    8.97
-117467.207    75.434    17.16    7.78
-117091.026    81.277    15.53    5.75
-116714.835    84.281     7.98    4.04
-116338.635    86.277     5.31    3.88
-115962.425    90.414    11.00    5.43
-115586.206    93.054     7.02    4.59
-115209.978    94.131     2.86    3.62
-114833.741    93.546    -1.55    3.15
-114457.494    91.129    -6.42    2.86
-114081.238    86.862   -11.34    6.85
-113704.972    81.204   -15.04    9.82
-113328.697    77.279   -10.43    8.79
-112952.413    74.730    -6.77    6.95
-112576.119    74.127    -1.60    5.56
-112199.816    73.554    -1.52    6.57
-111823.504    68.845   -12.51    8.80
-111447.183    62.529   -16.78    8.61
-111070.852    56.973   -14.76    8.87
-110694.511    51.862   -13.58    6.41
-110318.161    49.620    -5.95    4.94
-109941.802    53.629    10.65    7.92
-109565.434    58.765    13.65    7.46
-109189.056    63.679    13.06    6.51
-108812.669    67.004     8.83    5.54
-108436.272    67.572     1.51    5.02
-108059.866    66.370    -3.19    5.91
-107683.451    66.154    -0.58    5.31
-107307.026    66.460     0.81    4.90
-106930.592    65.504    -2.54    5.51
-106554.149    64.152    -3.59    5.65
-106177.696    60.108   -10.74    7.52
-105801.234    54.152   -15.82    8.31
-105424.762    51.511    -7.01    7.62
-105048.281    48.793    -7.22    7.13
-104671.790    46.434    -6.27    6.43
-104295.290    44.643    -4.76    6.48
-103918.781    42.704    -5.15    5.64
-103542.262    41.529    -3.12    5.06
-103165.734    42.101     1.52    5.91
-102789.197    43.588     3.95    7.19
-102412.650    45.254     4.42    7.35
-102036.094    46.756     3.99    7.42
-101659.528    47.332     1.53    6.20
-101282.953    46.640    -1.84    5.88
-100906.368    46.358    -0.75    5.04
-100529.774    43.984    -6.30    5.75
-100153.170    43.015    -2.57    5.81
 -99776.557    42.804    -0.56    5.37
 -99399.935    42.075    -1.93    5.47
 -99023.303    40.754    -3.51    5.44
 -98646.662    36.954   -10.09    6.88
 -98270.190    32.677   -11.36    7.30
 -97895.414    29.179    -9.33    7.34
 -97520.629    26.332    -7.60    5.61
 -97145.834    25.594    -1.97    5.02
 -96771.030    24.614    -2.61    4.48
 -96396.217    23.729    -2.36    3.95
 -96021.394    21.823    -5.08    4.86
 -95646.562    19.967    -4.95    5.32
 -95271.720    17.829    -5.70    5.09
 -94896.869    15.835    -5.32    4.55
 -94522.009    16.374     1.44    4.62
 -94147.140    17.101     1.94    4.74
 -93772.261    18.178     2.87    5.29
 -93397.372    19.154     2.60    4.79
 -93022.474    21.519     6.31    4.12
 -92647.567    24.404     7.69    4.56
 -92272.651    26.050     4.39    3.46
 -91897.725    26.537     1.30    3.30
 -91522.790    25.521    -2.71    3.58
 -91147.845    23.960    -4.16    2.88
 -90772.891    23.911    -0.13    2.43
 -90397.927    22.973    -2.50    2.41
 -90022.955    22.679    -0.78    2.11
 -89647.972    20.954    -4.60    3.30
 -89272.981    19.204    -4.67    3.30
 -88897.980    18.442    -2.03    2.66
 -88522.969    17.467    -2.60    2.00
 -88147.949    16.579    -2.37    2.24
 -87772.920    15.896    -1.82    2.86
 -87397.881    14.984    -2.43    2.51
 -87022.833    15.154     0.45    2.99
 -86647.775    16.665     4.03    3.29
 -86272.709    17.692     2.74    2.94
 -85897.632    18.779     2.90    2.82
 -85522.546    19.277     1.33    3.03
 -85147.451    19.050    -0.61    2.87
 -84772.346    18.460    -1.57    3.12
 -84397.232    17.178    -3.42    3.48
 -84022.109    15.204    -5.26    2.77
 -83646.976    13.754    -3.87    2.86
 -83271.833    12.793    -2.56    2.33
 -82896.681    12.306    -1.30    2.30
 -82521.520    11.472    -2.22    1.73
 -82146.349    11.125    -0.93    1.94
 -81771.169    11.911     2.10    2.71
 -81395.979    11.922     0.03    2.82
 -81020.780    11.429    -1.31    3.02
 -80645.571    10.954    -1.27    2.98
 -80270.353    10.029    -2.47    1.92
 -79895.126    10.156     0.34    1.53
 -79519.889    10.019    -0.36    1.69
 -79144.642    10.029     0.02    1.77
 -78769.386     9.717    -0.83    1.60
 -78394.121     9.448    -0.72    1.56
 -78018.846     8.740    -1.88    1.45
 -77643.562     8.665    -0.20    1.48
 -77268.268     8.332    -0.89    1.72
 -76892.964     8.768     1.16    1.90
 -76517.652     9.075     0.82    1.96
 -76142.329     9.075     0.00    1.94
 -75766.997     8.409    -1.78    2.21
 -75391.656     7.388    -2.72    2.05
 -75016.305     7.125    -0.70    1.78
 -74640.945     6.804    -0.86    1.48
 -74265.575     7.054     0.67    1.79
 -73890.196     6.879    -0.47    2.04
 -73514.807     6.947     0.18    2.55
 -73139.409     6.993     0.12    2.45
 -72764.001     7.228     0.63    2.48
 -72388.583     7.383     0.41    2.35
 -72013.156     6.911    -1.26    2.41
 -71637.720     5.793    -2.98    2.17
 -71262.274     4.829    -2.57    1.78
 -70886.819     4.277    -1.47    1.75
 -70511.354     4.414     0.37    1.80
 -70135.879     4.579     0.44    2.05
 -69760.395     4.493    -0.23    2.19
 -69384.902     4.496     0.01    2.18
 -69009.398     4.228    -0.71    2.25
 -68633.886     3.704    -1.40    2.72
 -68258.364     3.588    -0.31    2.70
 -67882.832     3.054    -1.42    2.44
 -67507.291     3.050    -0.01    2.32
 -67131.740     2.604    -1.19    1.61
 -66756.179     2.230    -0.99    1.59
 -66380.609     1.691    -1.44    1.65
 -66005.030     1.593    -0.26    1.46
 -65629.441     1.754     0.43    1.96
 -65253.842     2.429     1.80    2.04
 -64878.234     3.354     2.46    2.32
 -64502.616     3.640     0.76    2.38
 -64126.989     3.332    -0.82    2.47
 -63751.352     2.632    -1.86    2.43
 -63375.706     1.870    -2.03    2.18
 -63000.050     1.654    -0.58    1.66
 -62624.384     1.554    -0.27    1.35
 -62248.709     2.306     2.00    2.39
 -61873.024     3.326     2.71    2.87
 -61497.330     4.546     3.25    3.01
 -61121.626     5.329     2.08    2.70
 -60745.912     4.742    -1.56    2.92
 -60370.189     3.496    -3.32    2.71
 -59994.456     2.404    -2.91    2.41
 -59618.714     2.069    -0.89    2.43
 -59242.962     1.870    -0.53    2.14
 -58867.200     2.879     2.68    2.56
 -58491.429     3.104     0.60    2.73
 -58115.648     3.054    -0.13    2.97
 -57739.858     2.358    -1.85    3.12
 -57364.058     0.941    -3.77    2.46
 -56988.248     0.870    -0.19    2.43
 -56612.429     1.154     0.75    2.54
 -56236.600     2.082     2.47    2.60
 -55860.762     2.779     1.85    2.41
 -55484.914     3.354     1.53    2.60
 -55109.056     3.335    -0.05    2.43
 -54733.189     3.132    -0.54    2.40
 -54357.312     2.922    -0.56    2.36
 -53981.425     2.922     0.00    1.73
 -53605.529     3.129     0.55    1.85
 -53229.623     3.614     1.29    2.06
 -52853.707     3.680     0.18    1.93
 -52477.782     4.640     2.55    2.54
 -52101.847     5.304     1.77    2.54
 -51725.903     5.358     0.14    2.90
 -51349.948     5.075    -0.75    2.83
 -50973.985     3.862    -3.23    2.95
 -50598.011     3.259    -1.60    2.59
 -50222.028     2.870    -1.03    2.41
 -49846.035     2.654    -0.58    2.49
 -49470.033     2.563    -0.24    2.61
 -49094.020     2.429    -0.36    2.20
 -48717.999     1.993    -1.16    1.91
 -48341.967     2.230     0.63    1.72
 -47965.926     2.870     1.70    1.54
 -47589.875     3.304     1.15    1.74
 -47213.815     3.911     1.61    1.89
 -46837.744     4.379     1.24    1.99
 -46461.664     3.954    -1.13    2.22
 -46085.575     3.640    -0.84    2.27
 -45709.475     2.984    -1.74    1.65
 -45333.366     3.033     0.13    1.55
 -44957.248     3.229     0.52    1.50
 -44581.119     3.879     1.73    1.72
 -44204.981     4.598     1.91    1.79
 -43828.833     5.180     1.55    1.99
 -43452.676     5.204     0.06    2.25
 -43076.509     4.829    -1.00    2.56
 -42700.332     3.429    -3.72    2.19
 -42324.145     3.050    -1.01    1.87
 -41947.949     2.960    -0.24    1.62
 -41571.743     3.414     1.21    1.53
 -41195.527     4.033     1.64    1.45
 -40819.301     4.178     0.39    1.56
 -40443.066     4.504     0.87    1.60
 -40066.821     5.104     1.59    2.19
 -39690.566     5.467     0.97    2.19
 -39314.302     6.050     1.55    1.86
 -38938.028     6.204     0.41    1.81
 -38561.744     6.204     0.00    1.72
 -38185.450     6.588     1.02    1.82
 -37809.147     6.467    -0.32    1.94
 -37432.833     5.829    -1.70    1.82
 -37056.510     5.504    -0.86    1.91
 -36680.178     5.460    -0.12    1.92
 -36303.835     5.301    -0.42    1.80
 -35927.483     5.441     0.37    1.72
 -35551.121     4.984    -1.21    1.57
 -35174.749     4.281    -1.87    1.61
 -34798.368     3.879    -1.07    1.61
 -34421.977     4.024     0.39    1.76
 -34045.576     3.979    -0.12    1.72
 -33669.165     4.156     0.47    1.75
 -33292.744     4.098    -0.15    1.62
 -32916.314     4.204     0.28    1.65
 -32539.874     4.050    -0.41    1.61
 -32163.424     4.252     0.54    1.55
 -31786.964     4.594     0.91    1.72
 -31410.495     4.467    -0.34    1.45
 -31034.015     4.454    -0.03    1.46
 -30657.526     4.479     0.07    1.48
 -30281.027     4.521     0.11    1.71
 -29904.519     4.404    -0.31    1.84
 -29528.000     4.177    -0.60    2.06
 -29151.472     3.845    -0.88    1.90
 -28774.934     3.954     0.29    1.66
 -28398.386     4.079     0.33    1.76
 -28021.828     4.304     0.60    1.61
 -27645.261     4.429     0.33    1.73
 -27268.683     4.178    -0.67    1.78
 -26892.096     3.690    -1.30    1.91
 -26515.499     3.404    -0.76    2.13
 -26138.892     3.179    -0.60    2.19
 -25762.276     3.434     0.68    2.19
 -25385.649     3.379    -0.15    2.23
 -25009.013     3.677     0.79    1.98
 -24632.367     3.251    -1.13    1.78
 -24255.711     2.779    -1.25    1.72
 -23879.045     2.511    -0.71    1.94
 -23502.369     2.504    -0.02    2.04
 -23126.707     2.588     0.23    2.11
 -22751.976     2.608     0.05    1.87
 -22377.236     2.486    -0.33    1.92
 -22002.486     2.629     0.38    1.89
 -21627.726     2.604    -0.07    1.79
 -21252.957     3.129     1.40    2.04
 -20878.178     3.454     0.87    1.96
 -20503.389     3.648     0.52    1.92
 -20128.590     3.519    -0.34    1.65
 -19753.782     3.152    -0.98    1.69
 -19378.964     3.101    -0.14    1.97
 -19004.136     3.358     0.68    1.74
 -18629.298     3.604     0.66    1.85
 -18254.451     3.819     0.57    1.82
 -17879.593     3.730    -0.24    1.94
 -17504.726     3.804     0.20    1.95
 -17129.849     3.813     0.03    2.10
 -16754.963     3.999     0.49    2.34
 -16380.067     4.254     0.68    2.04
 -16005.160     4.730     1.27    1.80
 -15630.244     4.347    -1.02    1.66
 -15255.319     4.127    -0.59    1.68
 -14880.383     4.579     1.21    1.89
 -14505.438     5.229     1.73    1.89
 -14130.483     5.050    -0.48    2.12
 -13755.518     4.275    -2.07    2.23
 -13380.543     3.125    -3.07    2.46
 -13005.559     2.204    -2.46    1.78
 -12630.564     1.479    -1.93    1.45
 -12255.560     1.545     0.18    1.65
 -11880.546     1.479    -0.18    1.77
 -11505.522     1.150    -0.88    1.63
 -11130.489     0.809    -0.91    1.53
 -10755.445     1.454     1.72    1.66
 -10380.392     1.579     0.33    1.48
 -10005.329     1.954     1.00    1.84
  -9630.256     2.704     2.00    2.15
  -9255.174     3.529     2.20    2.27
  -8880.081     4.069     1.44    2.08
  -8504.979     3.804    -0.71    2.02
  -8129.866     2.754    -2.80    2.45
  -7754.744     2.024    -1.94    2.13
  -7379.613     1.154    -2.32    1.81
  -7004.471     0.717    -1.17    1.82
  -6629.319     0.251    -1.24    1.75
  -6254.158    -0.207    -1.22    1.43
  -5878.986    -0.296    -0.24    1.41
  -5503.805    -0.437    -0.38    1.48
  -5128.614    -0.412     0.07    1.39
  -4753.413    -0.415    -0.01    1.45
  -4378.203    -0.638    -0.59    1.28
  -4002.982    -0.271     0.98    1.48
  -3627.752     0.204     1.27    2.09
  -3252.511     0.935     1.95    2.19
  -2877.261     1.504     1.51    2.02
  -2502.001     1.582     0.21    1.99
  -2126.731     0.614    -2.58    1.79
  -1751.451    -0.096    -1.89    1.44
  -1376.161    -0.496    -1.07    1.36
  -1000.862    -0.321     0.47    1.52
   -625.552    -0.221     0.27    1.55
   -250.233    -0.232    -0.03    1.33
    125.096    -0.213     0.05    1.25
    500.436    -0.046     0.44    1.61
    875.785     0.729     2.06    2.23
   1251.144     1.742     2.70    2.50
   1626.513     2.304     1.50    2.25
   2001.891     2.537     0.62    1.95
   2377.280     2.370    -0.44    1.82
   2752.679     1.127    -3.31    2.08
   3128.087     0.529    -1.59    1.98
   3503.506    -0.360    -2.37    1.52
   3878.934    -0.421    -0.16    1.43
   4254.372    -0.320     0.27    1.37
   4629.821    -0.217     0.27    1.27
   5005.279    -0.271    -0.14    1.50
   5380.747    -0.546    -0.73    1.48
   5756.225    -0.772    -0.60    1.35
   6131.713    -0.646     0.33    1.33
   6507.211    -0.507     0.37    1.41
   6882.718    -0.360     0.39    1.48
   7258.236     0.079     1.17    2.04
   7633.764     0.429     0.93    2.01
   8009.302     0.629     0.53    1.91
   8384.849     0.954     0.87    1.90
   8760.407     0.845    -0.29    1.63
   9135.974     0.843    -0.01    1.85
   9511.552     1.529     1.83    2.12
   9887.139     2.079     1.46    1.99
  10262.736     2.429     0.93    1.90
  10638.344     1.779    -1.73    2.02
  11013.961     1.229    -1.46    2.18
  11389.588     1.442     0.57    2.41
  11765.226     1.434    -0.02    2.29
  12140.873     1.504     0.18    2.42
  12516.530     1.929     1.13    1.92
  12892.197     1.768    -0.43    1.92
  13267.875     1.228    -1.44    2.14
  13643.562     0.546    -1.81    2.22
  14019.259     0.779     0.62    2.38
  14394.966     0.429    -0.93    2.35
  14770.683     0.399    -0.08    2.48
  15146.410     0.804     1.08    2.54
  15522.148     0.960     0.42    2.43
  15897.895     1.922     2.56    2.46
  16273.652     2.204     0.75    2.29
  16649.419     1.793    -1.09    2.45
  17025.196     1.729    -0.17    2.37
  17400.983     1.604    -0.33    2.18
  17776.781     1.362    -0.64    2.20
  18152.588     1.148    -0.57    2.04
  18528.405     0.529    -1.65    1.73
  18904.232     0.399    -0.35    1.57
  19280.070     0.579     0.48    1.89
  19655.917     0.579     0.00    2.00
  20031.774     0.862     0.75    1.91
  20407.642     1.037     0.47    1.92
  20783.519     0.409    -1.67    1.87
  21159.406     0.537     0.34    2.02
  21535.304     0.654     0.31    2.24
  21911.211     0.640    -0.04    2.09
  22287.129     1.180     1.44    2.25
  22663.057     1.511     0.88    2.21
  23038.994     1.804     0.78    2.12
  23414.942     1.354    -1.20    2.25
  23790.900     1.429     0.20    3.89
  24166.868     2.156     1.93    5.26
  24542.846     3.493     3.56    6.34
  24918.834     3.404    -0.24    6.70
  25294.832     4.629     3.26    6.79
  25670.840     4.521    -0.29    6.77
  26046.858     4.354    -0.44    6.90
  26422.886     5.335     2.61    6.83
  26798.924     5.125    -0.56    6.18
  27174.973     3.625    -3.99    4.89
  27551.031     3.004    -1.65    4.32
  27927.100     2.618    -1.02    3.17
  28303.178     3.379     2.02    2.69
  28679.267     3.379     0.00    1.69
  29055.366     2.756    -1.65    1.78
  29431.475     2.277    -1.27    1.90
  29807.594     1.155    -2.98    2.21
  30183.723     0.554    -1.60    2.11
  30559.862     0.079    -1.26    1.83
  30936.012     0.177     0.26    1.91
  31312.171     1.251     2.86    2.41
  31688.341     2.204     2.53    2.64
  32064.520     2.779     1.53    3.03
  32440.710     3.057     0.74    3.02
  32816.910     2.947    -0.29    2.99
  33193.120     3.204     0.68    2.90
  33569.340     3.152    -0.14    3.46
  33945.570     3.383     0.61    4.22
  34321.811     2.529    -2.27    4.96
  34698.061     1.029    -3.99    5.10
  35074.322    -0.596    -4.32    4.54
  35450.593    -1.991    -3.71    3.84
  35826.874    -3.196    -3.20    2.44
  36203.165    -3.591    -1.05    0.86
  36579.466    -3.232     0.95    1.80
  36955.777    -3.371    -0.37    1.63
  37332.099    -3.665    -0.78    0.81
  37708.431    -3.796    -0.35    0.00
  38084.773    -3.796     0.00    0.00
  38461.124    -3.796     0.00    0.00
  38837.487    -3.796     0.00    0.00
  39213.859    -3.796     0.00    0.00
  39590.241    -3.796     0.00    0.00
  39966.634    -3.796     0.00    0.00
  40343.037    -3.796     0.00    0.00
  40719.450    -3.796     0.00    0.00
  41095.873    -3.796     0.00    0.00
  41472.306    -3.796     0.00    0.00
  41848.750    -3.796     0.00    0.00
  42225.204    -3.796     0.00    0.00
  42601.667    -3.796     0.00    0.00
  42978.142    -3.796     0.00    0.00
  43354.626    -3.796     0.00    0.00
  43731.120    -3.796     0.00    0.00
  44107.625    -3.796     0.00    0.00
  44484.140    -3.796     0.00    0.00
  44860.665    -3.796     0.00    0.00
  45237.200    -3.796     0.00    0.00
  45613.746    -3.796     0.00    0.00
  45990.301    -3.796     0.00    0.00
  46366.867    -3.796     0.00    0.00
  46743.443    -3.796     0.00    0.00
  47120.030    -3.796     0.00    0.00
  47496.626    -3.796     0.00    0.00
  47873.233    -3.796     0.00    0.00
  48249.850    -3.796     0.00    0.00
  48626.477    -3.796     0.00    0.00
  49003.115    -3.796     0.00    0.00
  49379.762    -3.796     0.00    0.00
  49756.420    -3.796     0.00    0.00
  50133.088    -3.796     0.00    0.00
  50509.767    -3.796     0.00    0.00
  50886.455    -3.796     0.00    0.00
  51263.154    -3.796     0.00    0.00
  51639.863    -3.796     0.00    0.00
  52014.649    -3.796     0.00    0.00
  52389.338    -3.796     0.00    0.00
  52764.037    -3.796     0.00    0.00
  53138.745    -3.796     0.00    0.00
  53513.464    -3.796     0.00    0.00
  53888.193    -3.796     0.00    0.00
  54262.933    -3.796     0.00    0.00
  54637.682    -3.796     0.00    0.00
  55012.442    -3.796     0.00    0.00
  55387.211    -3.796     0.00    0.00
  55761.991    -3.796     0.00    0.00
  56136.781    -3.796     0.00    0.00
  56511.582    -3.796     0.00    0.00
  56886.392    -3.796     0.00    0.00
  57261.213    -3.796     0.00    0.00
  57636.043    -3.796     0.00    0.00
  58010.884    -3.796     0.00    0.00
  58385.735    -3.796     0.00    0.00
  58760.597    -3.796     0.00    0.00
  59135.468    -3.796     0.00    0.00
  59510.350    -3.796     0.00    0.00
  59885.241    -3.796     0.00    0.00
  60260.143    -3.796     0.00    0.00
  60635.056    -3.796     0.00    0.00
  61009.978    -3.796     0.00    0.00
  61384.911    -3.796     0.00    0.00
  61759.853    -3.796     0.00    0.00
  62134.806    -3.796     0.00    0.00
  62509.770    -3.796     0.00    0.00
  62884.743    -3.796     0.00    0.00
  63259.727    -3.796     0.00    0.00
  63634.721    -3.796     0.00    0.00
  64009.725    -3.796     0.00    0.00
  64384.739    -3.796     0.00    0.00
  64759.763    -3.796     0.00    0.00
  65134.798    -3.796     0.00    0.00
  65509.843    -3.796     0.00    0.00
  65884.898    -3.796     0.00    0.00
  66259.964    -3.796     0.00    0.00
  66635.039    -3.796     0.00    0.00
  67010.125    -3.796     0.00    0.00
  67385.221    -3.796     0.00    0.00
  67760.328    -3.796     0.00    0.00
  68135.444    -3.796     0.00    0.00
  68510.571    -3.796     0.00    0.00
  68885.708    -3.796     0.00    0.00
  69260.856    -3.796     0.00    0.00
  69636.014    -3.796     0.00    0.00
  70011.181    -3.796     0.00    0.00
  70386.360    -3.796     0.00    0.00
  70761.548    -3.796     0.00    0.00
  71136.747    -3.796     0.00    0.00
  71511.956    -3.796     0.00    0.00
  71887.175    -3.796     0.00    0.00
  72262.404    -3.796     0.00    0.00
  72637.644    -3.796     0.00    0.00
  73012.894    -3.796     0.00    0.00
  73388.155    -3.796     0.00    0.00
  73763.425    -3.796     0.00    0.00
  74138.706    -3.796     0.00    0.00
  74513.997    -3.796     0.00    0.00
  74889.299    -3.796     0.00    0.00
  75264.611    -3.796     0.00    0.00
  75639.933    -3.796     0.00    0.00
  76015.265    -3.796     0.00    0.00
  76390.608    -3.796     0.00    0.00
  76765.961    -3.796     0.00    0.00
  77141.324    -3.796     0.00    0.00
  77516.698    -3.796     0.00    0.00
  77892.082    -3.796     0.00    0.00
  78267.476    -3.796     0.00    0.00
  78642.881    -3.796     0.00    0.00
  79018.295    -3.796     0.00    0.00
  79393.721    -3.796     0.00    0.00
  79769.156    -3.796     0.00    0.00
  80144.602    -3.796     0.00    0.00
  80520.058    -3.796     0.00    0.00
  80895.525    -3.796     0.00    0.00
  81271.002    -3.796     0.00    0.00
  81646.489    -3.796     0.00    0.00
  82021.987    -3.796     0.00    0.00
  82397.495    -3.796     0.00    0.00
  82773.013    -3.796     0.00    0.00
  83148.541    -3.796     0.00    0.00
  83524.080    -3.796     0.00    0.00
  83899.630    -3.796     0.00    0.00
  84275.189    -3.796     0.00    0.00
  84650.759    -3.796     0.00    0.00
  85026.340    -3.796     0.00    0.00
  85401.931    -3.796     0.00    0.00
  85777.532    -3.796     0.00    0.00
  86153.143    -3.796     0.00    0.00
  86528.765    -3.796     0.00    0.00
  86904.397    -3.796     0.00    0.00
  87280.040    -3.796     0.00    0.00
  87655.693    -3.796     0.00    0.00
  88031.357    -3.796     0.00    0.00
  88407.030    -3.796     0.00    0.00
  88782.715    -3.796     0.00    0.00
  89158.409    -3.796     0.00    0.00
  89534.114    -3.796     0.00    0.00
  89909.829    -3.796     0.00    0.00
  90285.555    -3.796     0.00    0.00
  90661.291    -3.796     0.00    0.00
  91037.038    -3.796     0.00    0.00
  91412.795    -3.796     0.00    0.00
  91788.562    -3.796     0.00    0.00
  92164.340    -3.796     0.00    0.00
  92540.129    -3.796     0.00    0.00
  92915.927    -3.796     0.00    0.00
  93291.736    -3.796     0.00    0.00
  93667.556    -3.796     0.00    0.00
  94043.386    -3.796     0.00    0.00
  94419.226    -3.796     0.00    0.00
  94795.077    -3.796     0.00    0.00
  95170.938    -3.796     0.00    0.00
  95546.810    -3.796     0.00    0.00
  95922.692    -3.796     0.00    0.00
  96298.585    -3.796     0.00    0.00
  96674.488    -3.796     0.00    0.00
  97050.401    -3.796     0.00    0.00
  97426.325    -3.796     0.00    0.00
  97802.259    -3.796     0.00    0.00
  98178.204    -3.796     0.00    0.00
  98554.159    -3.796     0.00    0.00
  98930.125    -3.796     0.00    0.00
  99306.101    -3.796     0.00    0.00
  99682.088    -3.796     0.00    0.00
 100058.085    -3.796     0.00    0.00
 100434.093    -3.796     0.00    0.00
 100810.111    -3.796     0.00    0.00
 101186.139    -3.796     0.00    0.00
 101562.178    -3.796     0.00    0.00
 101938.228    -3.796     0.00    0.00
 102314.288    -3.796     0.00    0.00
 102690.359    -3.796     0.00    0.00
 103066.440    -3.796     0.00    0.00
 103442.531    -3.796     0.00    0.00
 103818.633    -3.796     0.00    0.00
 104194.746    -3.796     0.00    0.00
 104570.869    -3.796     0.00    0.00
 104947.002    -3.796     0.00    0.00
 105323.146    -3.796     0.00    0.00
 105699.301    -3.796     0.00    0.00
 106075.466    -3.796     0.00    0.00
 106451.641    -3.796     0.00    0.00
 106827.827    -3.796     0.00    0.00
 107204.024    -3.796     0.00    0.00
 107580.231    -3.796     0.00    0.00
 107956.449    -3.796     0.00    0.00
 108332.677    -3.796     0.00    0.00
 108708.915    -3.796     0.00    0.00
 109085.165    -3.796     0.00    0.00
 109461.424    -3.796     0.00    0.00
 109837.695    -3.796     0.00    0.00
 110213.976    -3.796     0.00    0.00
 110590.267    -3.796     0.00    0.00
 110966.569    -3.796     0.00    0.00
 111342.881    -3.796     0.00    0.00
 111719.204    -3.796     0.00    0.00
 112095.538    -3.796     0.00    0.00
 112471.882    -3.796     0.00    0.00
 112848.237    -3.796     0.00    0.00
 113224.602    -3.796     0.00    0.00
 113600.978    -3.796     0.00    0.00
 113977.364    -3.796     0.00    0.00
 114353.761    -3.796     0.00    0.00
 114730.169    -3.796     0.00    0.00
 115106.587    -3.796     0.00    0.00
 115483.016    -3.796     0.00    0.00
 115859.455    -3.796     0.00    0.00
 116235.905    -3.796     0.00    0.00
 116612.365    -3.796     0.00    0.00
 116988.837    -3.796     0.00    0.00
 117365.318    -3.796     0.00    0.00
 117741.810    -3.796     0.00    0.00
 118118.313    -3.796     0.00    0.00
 118494.827    -3.796     0.00    0.00
 118871.351    -3.796     0.00    0.00
 119247.885    -3.796     0.00    0.00
 119624.431    -3.796     0.00    0.00
 120000.987    -3.796     0.00    0.00
 120377.553    -3.796     0.00    0.00
 120754.130    -3.796     0.00    0.00
 121130.718    -3.796     0.00    0.00
 121507.316    -3.796     0.00    0.00
 121883.925    -3.796     0.00    0.00
 122260.545    -3.796     0.00    0.00
 122637.175    -3.796     0.00    0.00
 123013.816    -3.796     0.00    0.00
 123390.468    -3.796     0.00    0.00
 123767.130    -3.796     0.00    0.00
 124143.803    -3.796     0.00    0.00
 124520.486    -3.796     0.00    0.00
 124897.180    -3.796     0.00    0.00
 125273.885    -3.796     0.00    0.00
 125650.600    -3.796     0.00    0.00
 126027.326    -3.796     0.00    0.00
 126404.063    -3.796     0.00    0.00
 126780.010    -3.796     0.00    0.00
 127154.647    -3.796     0.00    0.00
 127529.294    -3.796     0.00    0.00
 127903.952    -3.796     0.00    0.00
 128278.620    -3.796     0.00    0.00
 128653.299    -3.796     0.00    0.00
 129027.988    -3.796     0.00    0.00
 129402.688    -3.796     0.00    0.00
 129777.398    -3.796     0.00    0.00
 130152.119    -3.796     0.00    0.00
 130526.851    -3.796     0.00    0.00
 130901.593    -3.796     0.00    0.00
 131276.346    -3.796     0.00    0.00
 131651.109    -3.796     0.00    0.00
 132025.883    -3.796     0.00    0.00
 132400.667    -3.796     0.00    0.00
 132775.462    -3.796     0.00    0.00
 133150.267    -3.796     0.00    0.00
 133525.084    -3.796     0.00    0.00
 133899.910    -3.796     0.00    0.00
 134274.748    -3.796     0.00    0.00
 134649.595    -3.796     0.00    0.00
 135024.454    -3.796     0.00    0.00
 135399.323    -3.796     0.00    0.00
 135774.203    -3.796     0.00    0.00
 136149.093    -3.796     0.00    0.00
 136523.994    -3.796     0.00    0.00
 136898.905    -3.796     0.00    0.00
 137273.827    -3.796     0.00    0.00
 137648.760    -3.796     0.00    0.00
 138023.703    -3.796     0.00    0.00
 138398.657    -3.796     0.00    0.00
 138773.622    -3.796     0.00    0.00
 139148.597    -3.796     0.00    0.00
 139523.583    -3.796     0.00    0.00
 139898.579    -3.796     0.00    0.00
 140273.586    -3.796     0.00    0.00
 140648.604    -3.796     0.00    0.00
 141023.632    -3.796     0.00    0.00
 141398.671    -3.796     0.00    0.00
 141773.721    -3.796     0.00    0.00
 142148.781    -3.796     0.00    0.00
 142523.852    -3.796     0.00    0.00
 142898.933    -3.796     0.00    0.00
 143274.025    -3.796     0.00    0.00
 143649.128    -3.796     0.00    0.00
 144024.242    -3.796     0.00    0.00
 144399.366    -3.796     0.00    0.00
 144774.501    -3.796     0.00    0.00
 145149.646    -3.796     0.00    0.00
 145524.802    -3.796     0.00    0.00
 145899.969    -3.796     0.00    0.00
 146275.147    -3.796     0.00    0.00
 146650.335    -3.796     0.00    0.00
 147025.534    -3.796     0.00    0.00
 147400.743    -3.796     0.00    0.00
 147775.963    -3.796     0.00    0.00
 148151.194    -3.796     0.00    0.00
 148526.436    -3.796     0.00    0.00
 148901.688    -3.796     0.00    0.00
 149276.951    -3.796     0.00    0.00
 149652.225    -3.796     0.00    0.00
 150027.509    -3.796     0.00    0.00
 150402.804    -3.796     0.00    0.00
 150778.110    -3.796     0.00    0.00
 151153.426    -3.796     0.00    0.00
 151528.753    -3.796     0.00    0.00
 151904.091    -3.796     0.00    0.00
 152279.440    -3.796     0.00    0.00
 152654.799    -3.796     0.00    0.00
 153030.169    -3.796     0.00    0.00
 153405.550    -3.796     0.00    0.00
 153780.942    -3.796     0.00    0.00
 154156.344    -3.796     0.00    0.00
 154531.757    -3.796     0.00    0.00
 154907.181    -3.796     0.00    0.00
 155282.615    -3.796     0.00    0.00
 155658.060    -3.796     0.00    0.00
 156033.516    -3.796     0.00    0.00
 156408.983    -3.796     0.00    0.00
 156784.460    -3.796     0.00    0.00
 157159.948    -3.796     0.00    0.00
 157535.447    -3.796     0.00    0.00
 157910.957    -3.796     0.00    0.00
 158286.477    -3.796     0.00    0.00
 158662.009    -3.796     0.00    0.00
 159037.551    -3.796     0.00    0.00
 159413.103    -3.796     0.00    0.00
 159788.667    -3.796     0.00    0.00
 160164.241    -3.796     0.00    0.00
 160539.826    -3.796     0.00    0.00
 160915.422    -3.796     0.00    0.00
 161291.029    -3.796     0.00    0.00
 161666.646    -3.796     0.00    0.00
 162042.274    -3.796     0.00    0.00
 162417.913    -3.796     0.00    0.00
 162793.563    -3.796     0.00    0.00
 163169.223    -3.796     0.00    0.00
 163544.895    -3.796     0.00    0.00
 163920.577    -3.796     0.00    0.00
 164296.270    -3.796     0.00    0.00
 164671.974    -3.796     0.00    0.00
 165047.688    -3.796     0.00    0.00
 165423.414    -3.796     0.00    0.00
 165799.150    -3.796     0.00    0.00
 166174.897    -3.796     0.00    0.00
 166550.655    -3.796     0.00    0.00
 166926.423    -3.796     0.00    0.00
 167302.203    -3.796     0.00    0.00
 167677.993    -3.796     0.00    0.00
 168053.794    -3.796     0.00    0.00
 168429.606    -3.796     0.00    0.00
 168805.429    -3.796     0.00    0.00
 169181.263    -3.796     0.00    0.00
 169557.107    -3.796     0.00    0.00
 169932.962    -3.796     0.00    0.00
 170308.829    -3.796     0.00    0.00
 170684.706    -3.796     0.00    0.00
 171060.594    -3.796     0.00    0.00
 171436.492    -3.796     0.00    0.00
 171812.402    -3.796     0.00    0.00
 172188.322    -3.796     0.00    0.00
 172564.254    -3.796     0.00    0.00
 172940.196    -3.796     0.00    0.00
 173316.149    -3.796     0.00    0.00
 173692.113    -3.796     0.00    0.00
 174068.088    -3.796     0.00    0.00
 174444.073    -3.796     0.00    0.00
 174820.070    -3.796     0.00    0.00
 175196.077    -3.796     0.00    0.00
 175572.095    -3.796     0.00    0.00
 175948.125    -3.796     0.00    0.00
 176324.165    -3.796     0.00    0.00
 176700.216    -3.796     0.00    0.00
 177076.278    -3.796     0.00    0.00
 177452.350    -3.796     0.00    0.00
 177828.434    -3.796     0.00    0.00
 178204.529    -3.796     0.00    0.00
 178580.634    -3.796     0.00    0.00
 178956.751    -3.796     0.00    0.00
 179332.878    -3.796     0.00    0.00
 179709.016    -3.796     0.00    0.00
 180085.165    -3.796     0.00    0.00
 180461.325    -3.796     0.00    0.00
 180837.496    -3.796     0.00    0.00
 181213.678    -3.796     0.00    0.00
 181589.871    -3.796     0.00    0.00
 181966.075    -3.796     0.00    0.00
 182342.289    -3.796     0.00    0.00
 182718.515    -3.796     0.00    0.00
 183094.752    -3.796     0.00    0.00
 183470.999    -3.796     0.00    0.00
 183847.258    -3.796     0.00    0.00
 184223.527    -3.796     0.00    0.00
 184599.807    -3.796     0.00    0.00
 184976.099    -3.796     0.00    0.00
 185352.401    -3.796     0.00    0.00
 185728.714    -3.796     0.00    0.00
 186105.038    -3.796     0.00    0.00
 186481.374    -3.796     0.00    0.00
 186857.720    -3.796     0.00    0.00
 187234.077    -3.796     0.00    0.00
 187610.445    -3.796     0.00    0.00
 187986.824    -3.796     0.00    0.00
 188363.214    -3.796     0.00    0.00
 188739.615    -3.796     0.00    0.00
 189116.027    -3.796     0.00    0.00
 189492.450    -3.796     0.00    0.00
 189868.884    -3.796     0.00    0.00
 190245.329    -3.796     0.00    0.00
 190621.785    -3.796     0.00    0.00
 190998.252    -3.796     0.00    0.00
 191374.730    -3.796     0.00    0.00
 191751.219    -3.796     0.00    0.00
 192127.719    -3.796     0.00    0.00
 192504.230    -3.796     0.00    0.00
 192880.752    -3.796     0.00    0.00
 193257.285    -3.796     0.00    0.00
 193633.829    -3.796     0.00    0.00
 194010.384    -3.796     0.00    0.00
 194386.950    -3.796     0.00    0.00
 194763.527    -3.796     0.00    0.00
 195140.115    -3.796     0.00    0.00
 195516.714    -3.796     0.00    0.00
 195893.324    -3.796     0.00    0.00
 196269.945    -3.796     0.00    0.00
 196646.578    -3.796     0.00    0.00
 197023.221    -3.796     0.00    0.00
 197399.875    -3.796     0.00    0.00
 197776.541    -3.796     0.00    0.00
 198153.217    -3.796     0.00    0.00
 198529.905    -3.796     0.00    0.00
 198906.603    -3.796     0.00    0.00
 199283.313    -3.796     0.00    0.00
 199660.033    -3.796     0.00    0.00
 200036.765    -3.796     0.00    0.00
 200413.508    -3.796     0.00    0.00
 200790.262    -3.796     0.00    0.00
 201167.027    -3.796     0.00    0.00
 201543.803    -3.796     0.00    0.00
 201918.799    -3.796     0.00    0.00
 202293.388    -3.796     0.00    0.00
 202667.987    -3.796     0.00    0.00
 203042.598    -3.796     0.00    0.00
 203417.219    -3.796     0.00    0.00
 203791.852    -3.796     0.00    0.00
 204166.495    -3.796     0.00    0.00
 204541.149    -3.796     0.00    0.00
 204915.815    -3.796     0.00    0.00
 205290.491    -3.796     0.00    0.00
 205665.178    -3.796     0.00    0.00
 206039.876    -3.796     0.00    0.00
 206414.586    -3.796     0.00    0.00
 206789.306    -3.796     0.00    0.00
 207164.037    -3.796     0.00    0.00
 207538.779    -3.796     0.00    0.00
 207913.532    -3.796     0.00    0.00
 208288.296    -3.796     0.00    0.00
 208663.071    -3.796     0.00    0.00
 209037.857    -3.796     0.00    0.00
 209412.654    -3.796     0.00    0.00
 209787.463    -3.796     0.00    0.00
 210162.282    -3.796     0.00    0.00
 210537.112    -3.796     0.00    0.00
 210911.953    -3.796     0.00    0.00
 211286.805    -3.796     0.00    0.00
 211661.668    -3.796     0.00    0.00
 212036.542    -3.796     0.00    0.00
 212411.427    -3.796     0.00    0.00
 212786.323    -3.796     0.00    0.00
 213161.230    -3.796     0.00    0.00
 213536.149    -3.796     0.00    0.00
 213911.078    -3.796     0.00    0.00
 214286.018    -3.796     0.00    0.00
 214660.969    -3.796     0.00    0.00
 215035.932    -3.796     0.00    0.00
 215410.905    -3.796     0.00    0.00
 215785.890    -3.796     0.00    0.00
 216160.885    -3.796     0.00    0.00
 216535.891    -3.796     0.00    0.00
 216910.909    -3.796     0.00    0.00
 217285.938    -3.796     0.00    0.00
 217660.977    -3.796     0.00    0.00
 218036.028    -3.796     0.00    0.00
 218411.090    -3.796     0.00    0.00
 218786.163    -3.796     0.00    0.00
 219161.247    -3.796     0.00    0.00
 219536.342    -3.796     0.00    0.00
 219911.448    -3.796     0.00    0.00
 220286.565    -3.796     0.00    0.00
 220661.693    -3.796     0.00    0.00
 221036.832    -3.796     0.00    0.00
 221411.983    -3.796     0.00    0.00
 221787.144    -3.796     0.00    0.00
 222162.317    -3.796     0.00    0.00
 222537.500    -3.796     0.00    0.00
 222912.695    -3.796     0.00    0.00
 223287.901    -3.796     0.00    0.00
 223663.118    -3.796     0.00    0.00
 224038.346    -3.796     0.00    0.00
 224413.585    -3.796     0.00    0.00
 224788.835    -3.796     0.00    0.00
 225164.097    -3.796     0.00    0.00
 225539.369    -3.796     0.00    0.00
 225914.653    -3.796     0.00    0.00
 226289.947    -3.796     0.00    0.00
 226665.253    -3.796     0.00    0.00
 227040.570    -3.796     0.00    0.00
 227415.898    -3.796     0.00    0.00
 227791.237    -3.796     0.00    0.00
 228166.588    -3.796     0.00    0.00
 228541.949    -3.796     0.00    0.00
 228917.322    -3.796     0.00    0.00
 229292.706    -3.796     0.00    0.00
 229668.101    -3.796     0.00    0.00
 230043.507    -3.796     0.00    0.00
 230418.924    -3.796     0.00    0.00
 230794.352    -3.796     0.00    0.00
 231169.792    -3.796     0.00    0.00
 231545.243    -3.796     0.00    0.00
 231920.704    -3.796     0.00    0.00
 232296.177    -3.796     0.00    0.00
 232671.662    -3.796     0.00    0.00
 233047.157    -3.796     0.00    0.00
 233422.663    -3.796     0.00    0.00
 233798.181    -3.796     0.00    0.00
 234173.710    -3.796     0.00    0.00
 234549.250    -3.796     0.00    0.00
 234924.801    -3.796     0.00    0.00
 235300.364    -3.796     0.00    0.00
 235675.937    -3.796     0.00    0.00
 236051.522    -3.796     0.00    0.00
 236427.118    -3.796     0.00    0.00
 236802.725    -3.796     0.00    0.00
 237178.344    -3.796     0.00    0.00
 237553.973    -3.796     0.00    0.00
 237929.614    -3.796     0.00    0.00
 238305.266    -3.796     0.00    0.00
 238680.929    -3.796     0.00    0.00
 239056.604    -3.796     0.00    0.00
 239432.290    -3.796     0.00    0.00
 239807.986    -3.796     0.00    0.00
 240183.695    -3.796     0.00    0.00
 240559.414    -3.796     0.00    0.00
 240935.144    -3.796     0.00    0.00
 241310.886    -3.796     0.00    0.00
 241686.639    -3.796     0.00    0.00
 242062.404    -3.796     0.00    0.00
 242438.179    -3.796     0.00    0.00
 242813.966    -3.796     0.00    0.00
 243189.764    -3.796     0.00    0.00
 243565.573    -3.796     0.00    0.00
 243941.394    -3.796     0.00    0.00
 244317.225    -3.796     0.00    0.00
 244693.068    -3.796     0.00    0.00
 245068.923    -3.796     0.00    0.00
 245444.788    -3.796     0.00    0.00
 245820.665    -3.796     0.00    0.00
 246196.553    -3.796     0.00    0.00
 246572.452    -3.796     0.00    0.00
 246948.363    -3.796     0.00    0.00
 247324.285    -3.796     0.00    0.00
 247700.218    -3.796     0.00    0.00
 248076.162    -3.796     0.00    0.00
 248452.118    -3.796     0.00    0.00
 248828.085    -3.796     0.00    0.00
 249204.063    -3.796     0.00    0.00
 249580.053    -3.796     0.00    0.00
 249956.054    -3.796     0.00    0.00
 250332.066    -3.796     0.00    0.00
 250708.090    -3.796     0.00    0.00
 251084.124    -3.796     0.00    0.00
 251460.170    -3.796     0.00    0.00
 251836.228    -3.796     0.00    0.00
 252212.297    -3.796     0.00    0.00
 252588.377    -3.796     0.00    0.00
 252964.468    -3.796     0.00    0.00
 253340.571    -3.796     0.00    0.00
 253716.685    -3.796     0.00    0.00
 254092.810    -3.796     0.00    0.00
 254468.947    -3.796     0.00    0.00
 254845.095    -3.796     0.00    0.00
 255221.254    -3.796     0.00    0.00
 255597.425    -3.796     0.00    0.00
 255973.607    -3.796     0.00    0.00
 256349.800    -3.796     0.00    0.00
 256726.005    -3.796     0.00    0.00
 257102.221    -3.796     0.00    0.00
 257478.448    -3.796     0.00    0.00
 257854.687    -3.796     0.00    0.00
 258230.937    -3.796     0.00    0.00
 258607.199    -3.796     0.00    0.00
 258983.471    -3.796     0.00    0.00
 259359.756    -3.796     0.00    0.00
 259736.051    -3.796     0.00    0.00
 260112.358    -3.796     0.00    0.00
 260488.677    -3.796     0.00    0.00
 260865.006    -3.796     0.00    0.00
 261241.347    -3.796     0.00    0.00
 261617.700    -3.796     0.00    0.00
 261994.064    -3.796     0.00    0.00
 262370.439    -3.796     0.00    0.00
 262746.826    -3.796     0.00    0.00
 263123.224    -3.796     0.00    0.00
 263499.633    -3.796     0.00    0.00
 263876.054    -3.796     0.00    0.00
 264252.486    -3.796     0.00    0.00
 264628.930    -3.796     0.00    0.00
 265005.385    -3.796     0.00    0.00
 265381.851    -3.796     0.00    0.00
 265758.329    -3.796     0.00    0.00
 266134.818    -3.796     0.00    0.00
 266511.319    -3.796     0.00    0.00
 266887.831    -3.796     0.00    0.00
 267264.355    -3.796     0.00    0.00
 267640.890    -3.796     0.00    0.00
 268017.436    -3.796     0.00    0.00
 268393.994    -3.796     0.00    0.00
 268770.563    -3.796     0.00    0.00
 269147.144    -3.796     0.00    0.00
 269523.736    -3.796     0.00    0.00
 269900.340    -3.796     0.00    0.00
 270276.955    -3.796     0.00    0.00
 270653.582    -3.796     0.00    0.00
 271030.220    -3.796     0.00    0.00
 271406.869    -3.796     0.00    0.00
 271783.530    -3.796     0.00    0.00
 272160.202    -3.796     0.00    0.00
 272536.886    -3.796     0.00    0.00
 272913.582    -3.796     0.00    0.00
 273290.288    -3.796     0.00    0.00
 273667.007    -3.796     0.00    0.00
 274043.736    -3.796     0.00    0.00
 274420.478    -3.796     0.00    0.00
 274797.230    -3.796     0.00    0.00
 275173.994    -3.796     0.00    0.00
 275550.770    -3.796     0.00    0.00
 275927.557    -3.796     0.00    0.00
 276304.356    -3.796     0.00    0.00
 276680.612    -3.796     0.00    0.00
 277055.151    -3.796     0.00    0.00
 277429.702    -3.796     0.00    0.00
