#   61.637  -0.217   6.615 ;Mean Elev.(m), Avg Gradient(m/km), RMS Gradient(m/km) - SRTM1     
#   74.249   0.005   7.252 ;Mean Elev.(m), Avg Gradient(m/km), RMS Gradient(m/km) - ASTER GDEM
#   62.308  -0.249   6.477 ;Mean Elev.(m), Avg Gradient(m/km), RMS Gradient(m/km) - GMTED2010 
  7  34.845598 -17.007838    60.304    60.251  5 52465.82722083 49.352
  8  34.843473 -17.004575    60.437    60.439  4 52500.82721563 45.906
  9  34.846387 -17.009843    60.192    60.202  5 52535.82720138 32.776
 10  34.845264 -17.008779    60.227    60.211  6 52570.82723484 47.015
 11  34.845144 -17.008222    60.181    60.189  6 52605.82720464 31.169
 12  34.845088 -17.007521    60.662    60.478  5 52640.82719470 34.930
 13  34.845655 -17.008183    61.028    61.006  5 52675.82718560 43.163
 14  34.845023 -17.006873    61.319    61.330  4 52710.82720994 46.410
 15  34.834136 -16.996677    61.030    61.036  3 52745.82723945 43.648
 16  34.845678 -17.007885    59.820    59.763  5 52780.82717485 35.820
 17  34.844158 -17.006946    60.060    60.035  4 52815.82725648 46.877
 18  34.847489 -17.010305    60.478    60.495  5 52850.82730741 37.970
 19  34.840459 -17.002811    60.216    60.216  2 52885.82734369 45.651
 20  34.844362 -17.007434    60.049    60.000  4 52920.82729842 28.371
 21  34.853788 -17.012935    59.621    59.565  4 52955.82726138 32.088
 22  34.853734 -17.012999    60.037    60.141  4 52990.82727640 40.196
 23  34.854378 -17.012448    60.210    60.331  4 53025.82724517 39.402
 25  34.835043 -16.996033    61.521    61.477  3 53095.82728751 41.679
 26  34.854855 -17.012683    60.307    60.440  4 53130.82725661 38.693
 28  34.845624 -17.009674    60.545    60.577  5 53200.82733184 42.069
 29  34.853572 -17.012340    59.662    59.734  5 53235.82730033 32.938
 30  34.849549 -17.010266    60.124    60.146  5 53270.82726198 40.186
 31  34.838652 -17.002472    60.782    60.782  2 53305.82732686 37.799
 32  34.844043 -17.007326    60.628    60.648  4 53340.82729365 35.740
 33  34.847870 -17.010952    61.339    61.345  5 53375.82722247 46.117
 34  34.849792 -17.010151    60.569    60.543  4 53410.82726773 44.865
 35  34.843676 -17.006570    60.098    60.079  4 53445.82725064 31.491
 36  34.838636 -17.001762    60.487    60.407  3 53480.82733543 43.081
 37  34.845620 -17.008580    60.389    60.398  6 53515.82733914 37.412
 38  34.837697 -17.001401    60.662    60.662  2 53550.82736062 43.941
 39  34.848128 -17.010867    60.331    60.296  5 53585.82731624 45.918
 40  34.840445 -17.003619    60.675    60.675  2 53620.82727769 27.493
 41  34.844929 -17.006811    60.512    60.505  4 53655.82730555 46.906
 42  34.842081 -17.004023    60.739    60.739  2 53690.82729636 47.761
 43  34.846068 -17.007594    60.552    60.550  5 53725.82721958 48.130
 44  34.856257 -17.014304    61.165    61.236  4 53760.82716611 45.168
 45  34.848588 -17.008841    60.575    60.582  5 53795.82718300 48.558
 46  34.851720 -17.011933    60.868    60.874  5 53830.82716444 45.718
 47  34.843330 -17.004642    60.758    60.706  4 53865.82724096 44.594
 48  34.844696 -17.006127    60.700    60.716  4 53900.82726846 45.222
 49  34.832330 -16.994806    61.241    61.242  3 53935.82731207 42.826
 50  34.838832 -17.001957    61.086    61.076  3 53970.82727780 33.869
 51  34.850863 -17.011394    60.667    60.664  4 54005.82725495 26.367
 52  34.851461 -17.011974    60.405    60.342  5 54040.82728373 29.256
 53  34.846180 -17.009108    60.896    60.919  6 54075.82727829 29.559
 54  34.841180 -17.001594    61.992    61.992  2 54110.82722233 46.239
 55  34.846897 -17.010037    63.045    63.004  5 54145.82721880 41.219
 56  34.842646 -17.004496    60.815    60.832  3 54180.82720809 46.425
 58  34.845352 -17.008934    60.626    60.611  6 54250.82725410 45.801
 59  34.846769 -17.008290    60.658    60.718  5 54285.82726056 44.615
 60  34.847504 -17.009222    60.725    60.590  5 54320.82725699 34.337
 61  34.845008 -17.006669    61.197    61.133  4 54355.82721890 28.682
 62  34.846828 -17.007751    60.719    60.733  5 54390.82719791 40.747
 63  34.846297 -17.009846    60.908    60.888  5 54425.82716805 46.456
 64  34.848624 -17.011063    62.415    62.421  5 54460.82717377 47.416
 65  34.846407 -17.008277    63.689    63.707  5 54495.82717475 42.856
 66  34.848944 -17.009024    60.786    60.794  5 54530.82718694 37.469
 67  34.843926 -17.005848    60.354    60.357  4 54565.82718126 22.035
 68  34.845737 -17.007579    60.616    60.629  5 54600.82718341 34.313
 69  34.843864 -17.005218    60.912    60.941  4 54635.82719559 39.945
 70  34.844318 -17.007320    60.832    60.864  4 54670.82719909 32.996
 71  34.846259 -17.007628    60.715    60.735  5 54705.82716072 40.094
 72  34.847403 -17.010401    60.884    60.848  5 54740.82716251 41.386
 73  34.847408 -17.010569    60.485    60.496  5 54775.82714072 49.035
 74  34.847539 -17.008666    61.599    61.618  5 54810.82715570 47.734
 75  34.845037 -17.007695    61.560    61.553  4 54845.82714135 47.299
 76  34.844932 -17.006352    61.068    61.049  4 54880.82715970 45.666
 77  34.841215 -17.002337    62.336    62.336  2 54915.82714518 43.038
 78  34.844625 -17.006891    60.951    60.981  5 54950.82715298 30.426
 79  34.842986 -17.004677    60.889    60.913  3 54985.82717841 46.386
 80  34.847205 -17.008067    60.553    60.547  5 55020.82717053 39.742
 81  34.846313 -17.008274    60.572    60.583  5 55055.82716769 46.426
 82  34.843268 -17.005752    60.952    60.892  4 55090.82712682 36.473
 83  34.847442 -17.009583    60.816    60.811  5 55125.82710571 34.080
 84  34.844096 -17.005561    60.530    60.546  4 55160.82708737 31.876
 85  34.847394 -17.010327    60.505    60.529  5 55195.82709642 45.289
 86  34.842837 -17.004314    60.881    60.870  4 55230.82709095 45.791
 87  34.847048 -17.008511    62.285    62.274  5 55265.82709116 45.893
 88  34.845440 -17.008570    61.740    61.749  6 55300.82707182 46.707
 89  34.844246 -17.005595    61.751    61.727  4 55335.82706873 42.492
 90  34.846687 -17.008733    61.895    61.873  5 55370.82705791 39.491
 91  34.848383 -17.009733    60.378    60.399  4 55405.82707627 42.551
 92  34.846518 -17.009191    60.337    60.320  5 55440.82707695 43.806
 93  34.845129 -17.006523    60.362    60.328  4 55475.82702083 27.136
