#   12.614   0.234   0.747 ;Mean Elev.(m), Avg Gradient(m/km), RMS Gradient(m/km) - SRTM1     
#   22.882   0.361   1.644 ;Mean Elev.(m), Avg Gradient(m/km), RMS Gradient(m/km) - ASTER GDEM
#   12.990   0.234   0.906 ;Mean Elev.(m), Avg Gradient(m/km), RMS Gradient(m/km) - GMTED2010 
  9    10.866 52516.82496714 32.67  35.834727 -18.151048 28.383
  9    10.982 52516.82496779 34.14  35.833947 -18.147748 28.383
  9    11.242 52516.82496843 36.72  35.833167 -18.144458 28.383
  9    11.298 52516.82496908 42.79  35.832387 -18.141158 28.383
  9    11.429 52516.82496972 45.51  35.831617 -18.137868 28.383
  9    11.607 52516.82497037 48.18  35.830837 -18.134568 28.383
  9    11.723 52516.82497101 53.95  35.830057 -18.131278 28.383
 11    10.605 52586.82499037 36.63  35.838653 -18.151991 27.585
 11    11.273 52586.82499423 41.46  35.833989 -18.132218 39.842
 11    11.470 52586.82499488 43.72  35.833209 -18.128928 39.842
 12    10.628 52621.82496232 34.42  35.829912 -18.148132 22.045
 12    10.594 52621.82496297 31.34  35.829132 -18.144832 22.045
 13    12.266 52656.82496591 41.47  35.837326 -18.150134 35.349
 13    12.808 52656.82496914 45.80  35.833430 -18.133651 27.627
 13    12.942 52656.82496978 44.59  35.832650 -18.130361 27.627
 15    12.040 52726.82499425 39.08  35.834780 -18.149535 31.314
 15    12.408 52726.82499490 39.46  35.834000 -18.146245 31.314
 15    12.543 52726.82499618 47.01  35.832450 -18.139655 31.314
 15    12.741 52726.82499683 48.77  35.831670 -18.136355 31.314
 15    12.707 52726.82499747 45.65  35.830890 -18.133065 31.314
 15    12.803 52726.82499812 50.70  35.830110 -18.129765 31.314
 17    11.212 52796.82496949 42.52  35.841241 -18.149787 35.654
 17    11.662 52796.82497336 38.87  35.836570 -18.130015 29.162
 17    11.875 52796.82497400 47.29  35.835790 -18.126725 29.162
 18    11.418 52831.82503986 44.43  35.841171 -18.150054 39.270
 18    11.936 52831.82504373 39.12  35.836500 -18.130283 28.045
 18    12.179 52831.82504437 42.46  35.835730 -18.126993 28.045
 19    11.239 52866.82508251 48.31  35.842501 -18.152332 42.289
 19    11.464 52866.82508316 46.48  35.841721 -18.149042 42.289
 19    12.015 52866.82508702 39.59  35.837051 -18.129272 42.289
 20    11.256 52901.82510773 29.48  35.830468 -18.147708 22.289
 20    10.866 52901.82510837 33.73  35.829688 -18.144418 22.289
 20    11.080 52901.82510902 35.79  35.828908 -18.141118 22.289
 20    11.266 52901.82510966 38.41  35.828128 -18.137828 22.289
 22    11.329 52971.82507431 36.50  35.832467 -18.150500 19.509
 22    11.435 52971.82507495 33.59  35.831687 -18.147210 19.509
 22    11.883 52971.82507560 38.86  35.830907 -18.143910 19.509
 22    12.004 52971.82507624 39.59  35.830127 -18.140620 19.509
 22    11.891 52971.82507689 38.10  35.829347 -18.137320 19.509
 22    11.978 52971.82507753 39.99  35.828577 -18.134030 19.509
 24    12.554 53041.82504027 44.53  35.832028 -18.150407 20.942
 24    12.904 53041.82504092 37.37  35.831258 -18.147117 20.942
 24    12.954 53041.82504156 39.95  35.830478 -18.143817 20.942
 24    13.038 53041.82504221 40.20  35.829698 -18.140527 20.942
 24    13.108 53041.82504285 40.16  35.828918 -18.137227 20.942
 24    13.199 53041.82504350 41.93  35.828138 -18.133937 20.942
 28    11.406 53181.82509131 36.66  35.837882 -18.151448 33.764
 28    11.993 53181.82509454 46.42  35.833992 -18.134968 33.764
 28    12.167 53181.82509518 50.26  35.833212 -18.131678 33.764
 28    12.196 53181.82509583 50.60  35.832428 -18.128375 30.811
 29    11.672 53216.82511494 38.39  35.831293 -18.149786 19.123
 29    11.489 53216.82511558 35.26  35.830513 -18.146496 19.123
 29    11.781 53216.82511623 36.71  35.829733 -18.143196 19.123
 29    11.987 53216.82511687 40.85  35.828953 -18.139906 19.123
 29    11.993 53216.82511752 42.07  35.828173 -18.136606 19.123
 32    11.592 53321.82506460 44.18  35.841386 -18.149975 37.998
 32    11.919 53321.82506847 39.85  35.836716 -18.130205 37.998
 32    12.085 53321.82506912 44.36  35.835931 -18.126902 27.309
 33    12.248 53356.82503214 41.01  35.837809 -18.151504 37.637
 33    12.735 53356.82503536 47.27  35.833919 -18.135024 37.637
 33    12.841 53356.82503601 49.66  35.833139 -18.131734 37.637
 33    12.951 53356.82503665 52.73  35.832360 -18.128430 29.290
 34    12.756 53391.82504620 43.14  35.833649 -18.150955 28.602
 34    12.894 53391.82504684 43.44  35.832879 -18.147665 28.602
 34    13.186 53391.82504749 41.56  35.832099 -18.144365 28.602
 34    13.246 53391.82504813 43.78  35.831319 -18.141075 28.602
 34    13.378 53391.82504877 46.34  35.830539 -18.137775 28.602
 34    13.507 53391.82504942 46.45  35.829759 -18.134485 28.602
 34    13.592 53391.82505006 46.35  35.828988 -18.131183 29.647
 35    11.349 53426.82504155 35.31  35.836951 -18.152220 32.148
 35    11.645 53426.82504219 38.35  35.836171 -18.148920 32.148
 35    11.993 53426.82504477 50.83  35.833061 -18.135740 32.148
 35    12.084 53426.82504542 53.64  35.832281 -18.132450 32.148
 35    12.174 53426.82504606 49.09  35.831500 -18.129146 29.131
 36    11.258 53461.82505541 35.61  35.838607 -18.150098 28.009
 36    11.601 53461.82505864 45.42  35.834707 -18.133617 33.967
 36    11.850 53461.82505928 47.25  35.833937 -18.130327 33.967
 38    10.877 53531.82511145 36.07  35.836879 -18.151237 33.467
 38    11.181 53531.82511209 40.67  35.836099 -18.147947 33.467
 38    11.513 53531.82511467 48.50  35.832989 -18.134767 33.467
 38    11.583 53531.82511531 52.01  35.832207 -18.131464 30.614
 40    10.856 53601.82507850 34.36  35.833786 -18.151763 25.126
 40    11.092 53601.82507914 38.77  35.833006 -18.148463 25.126
 40    11.293 53601.82507979 41.47  35.832226 -18.145173 25.126
 40    11.470 53601.82508043 44.84  35.831446 -18.141873 25.126
 40    11.638 53601.82508108 48.07  35.830666 -18.138583 25.126
 40    11.774 53601.82508172 46.71  35.829896 -18.135283 25.126
 40    11.852 53601.82508237 50.33  35.829116 -18.131993 25.126
 41    11.195 53636.82507713 30.79  35.830080 -18.147161 17.700
 41    11.377 53636.82507778 27.47  35.829300 -18.143861 17.700
 41    11.486 53636.82507842 29.51  35.828520 -18.140571 17.700
 43    11.381 53706.82502889 37.66  35.838390 -18.150514 28.483
 43    11.806 53706.82503212 42.12  35.834499 -18.134030 34.706
 43    11.970 53706.82503276 47.47  35.833729 -18.130740 34.706
 44    12.083 53741.82494134 41.73  35.834205 -18.150846 29.732
 44    12.439 53741.82494198 38.84  35.833425 -18.147546 29.732
 44    12.603 53741.82494263 41.54  35.832645 -18.144256 29.732
 44    12.798 53741.82494327 47.83  35.831865 -18.140956 29.732
 44    12.825 53741.82494392 47.64  35.831095 -18.137666 29.732
 44    12.799 53741.82494456 52.10  35.830315 -18.134366 29.732
 44    12.862 53741.82494521 51.38  35.829535 -18.131076 29.732
 45    12.101 53776.82496512 42.53  35.839363 -18.152225 37.848
 45    12.609 53776.82496576 35.22  35.838583 -18.148925 37.848
 45    12.897 53776.82496898 43.61  35.834693 -18.132455 37.848
 45    13.193 53776.82496963 47.00  35.833907 -18.129152 29.877
 46    14.275 53811.82494403 51.88  35.833356 -18.149403 33.722
 46    14.377 53811.82494467 50.41  35.832576 -18.146113 33.722
 46    14.493 53811.82494532 51.04  35.831796 -18.142813 33.722
 46    14.579 53811.82494596 47.51  35.831016 -18.139523 33.722
 46    14.673 53811.82494661 47.96  35.830236 -18.136223 33.722
 46    14.756 53811.82494725 50.14  35.829466 -18.132933 33.722
 47    12.446 53846.82499544 36.40  35.830645 -18.147203 24.625
 47    12.725 53846.82499609 38.51  35.829865 -18.143913 24.625
 47    12.767 53846.82499673 42.14  35.829085 -18.140613 24.625
 47    12.793 53846.82499738 45.48  35.828305 -18.137323 24.625
 52    11.949 54021.82506120 36.00  35.835045 -18.149487 36.117
 52    12.299 54021.82506185 41.12  35.834275 -18.146187 36.117
 52    12.479 54021.82506314 48.36  35.832715 -18.139597 36.117
 52    12.546 54021.82506378 50.61  35.831935 -18.136307 36.117
 52    12.567 54021.82506442 50.73  35.831155 -18.133007 36.117
 52    12.664 54021.82506507 50.20  35.830375 -18.129717 36.117
 53    12.232 54056.82505238 45.05  35.841418 -18.150283 39.659
 53    12.721 54056.82505625 39.52  35.836748 -18.130513 39.659
 53    12.809 54056.82505690 43.50  35.835978 -18.127223 39.659
 54    11.870 54091.82503642 35.56  35.832226 -18.148946 21.025
 54    12.159 54091.82503707 37.39  35.831446 -18.145656 21.025
 54    12.194 54091.82503771 38.53  35.830666 -18.142356 21.025
 54    12.202 54091.82503836 40.86  35.829886 -18.139066 21.025
 54    12.346 54091.82503900 43.27  35.829106 -18.135766 21.025
 54    12.482 54091.82503965 42.72  35.828336 -18.132476 21.025
 55    13.512 54126.82496884 49.70  35.837023 -18.152709 36.163
 55    13.578 54126.82496948 41.28  35.836243 -18.149419 36.163
 55    13.977 54126.82497206 47.45  35.833133 -18.136239 36.163
 55    14.080 54126.82497270 47.96  35.832353 -18.132939 36.163
 55    14.105 54126.82497335 48.17  35.831573 -18.129649 36.163
 56    13.727 54161.82500534 50.25  35.831403 -18.148963 40.733
 56    13.995 54161.82500598 46.33  35.830623 -18.145673 40.733
 56    14.009 54161.82500663 41.44  35.829853 -18.142373 40.733
 56    14.009 54161.82500727 43.39  35.829073 -18.139083 40.733
 56    14.077 54161.82500792 42.62  35.828293 -18.135783 40.733
 57    12.164 54196.82497123 39.16  35.834939 -18.149510 36.731
 57    12.428 54196.82497188 42.09  35.834159 -18.146220 36.731
 57    12.601 54196.82497317 48.11  35.832599 -18.139630 36.731
 57    12.690 54196.82497381 47.32  35.831829 -18.136330 36.731
 57    12.781 54196.82497446 48.13  35.831049 -18.133040 36.731
 57    12.876 54196.82497510 48.67  35.830269 -18.129740 36.731
 58    11.584 54231.82501779 35.19  35.834431 -18.151469 33.886
 58    11.630 54231.82501844 37.04  35.833651 -18.148169 33.886
 58    11.971 54231.82501908 42.17  35.832871 -18.144879 33.886
 58    12.065 54231.82501973 47.46  35.832091 -18.141579 33.886
 58    12.127 54231.82502037 49.62  35.831321 -18.138289 33.886
 58    12.221 54231.82502102 48.66  35.830541 -18.134989 33.886
 58    12.299 54231.82502166 46.80  35.829761 -18.131699 33.886
 59    11.589 54266.82503655 36.60  35.833926 -18.149543 34.029
 59    11.727 54266.82503720 42.66  35.833146 -18.146253 34.029
 59    12.038 54266.82503784 48.05  35.832366 -18.142953 34.029
 59    12.199 54266.82503849 48.03  35.831596 -18.139663 34.029
 59    12.299 54266.82503913 49.35  35.830816 -18.136363 34.029
 59    12.328 54266.82503978 48.23  35.830036 -18.133073 34.029
 60    11.439 54301.82504012 34.49  35.834956 -18.152105 36.416
 60    11.647 54301.82504076 38.92  35.834176 -18.148805 36.416
 60    11.778 54301.82504141 42.59  35.833396 -18.145515 36.416
 60    12.009 54301.82504205 48.51  35.832626 -18.142215 36.416
 60    12.115 54301.82504270 51.09  35.831846 -18.138925 36.416
 60    12.101 54301.82504334 50.56  35.831066 -18.135625 36.416
 60    12.198 54301.82504399 48.42  35.830286 -18.132335 36.416
 61    11.677 54336.82502735 34.94  35.833369 -18.150926 29.341
 61    11.842 54336.82502799 39.69  35.832589 -18.147626 29.341
 61    12.090 54336.82502864 42.02  35.831809 -18.144336 29.341
 61    12.292 54336.82502928 45.69  35.831029 -18.141036 29.341
 61    12.451 54336.82502993 50.22  35.830259 -18.137746 29.341
 61    12.406 54336.82503057 50.10  35.829479 -18.134446 29.341
 62    11.677 54371.82497264 37.02  35.836008 -18.151964 25.309
 62    11.994 54371.82497329 38.29  35.835228 -18.148674 25.309
 62    12.324 54371.82497587 50.32  35.832118 -18.135491 35.861
 62    12.509 54371.82497651 47.97  35.831338 -18.132191 35.861
 63    11.781 54406.82497242 40.99  35.832273 -18.150008 28.168
 63    12.161 54406.82497306 38.89  35.831493 -18.146718 28.168
 63    12.336 54406.82497371 41.06  35.830713 -18.143418 28.168
 63    12.346 54406.82497435 43.79  35.829933 -18.140128 28.168
 63    12.440 54406.82497500 44.64  35.829153 -18.136828 28.168
 63    12.453 54406.82497564 42.34  35.828383 -18.133538 28.168
 64    11.724 54441.82493169 38.63  35.837017 -18.150837 40.753
 64    12.251 54441.82493491 46.19  35.833117 -18.134367 40.753
 64    12.430 54441.82493555 46.49  35.832347 -18.131067 40.753
 65    15.053 54476.82496063 55.02  35.834841 -18.150230 40.757
 65    15.014 54476.82496127 49.04  35.834061 -18.146940 40.757
 65    15.019 54476.82496256 42.11  35.832501 -18.140350 40.757
 65    15.088 54476.82496321 42.72  35.831721 -18.137050 40.757
 65    15.125 54476.82496385 40.53  35.830951 -18.133760 40.757
 65    15.204 54476.82496450 40.87  35.830171 -18.130460 40.757
 66    14.705 54511.82494692 47.83  35.836982 -18.152887 38.207
 66    14.804 54511.82494756 46.94  35.836202 -18.149587 38.207
 66    15.103 54511.82495014 44.65  35.833092 -18.136407 38.207
 66    15.199 54511.82495079 45.66  35.832312 -18.133117 38.207
 66    15.279 54511.82495143 48.55  35.831532 -18.129817 38.207
 67    12.396 54546.82497432 43.12  35.833327 -18.151390 29.846
 67    12.296 54546.82497496 45.18  35.832547 -18.148090 29.846
 67    12.889 54546.82497561 46.58  35.831777 -18.144800 29.846
 67    12.836 54546.82497625 45.65  35.830997 -18.141500 29.846
 67    12.811 54546.82497690 45.04  35.830217 -18.138210 29.846
 67    12.876 54546.82497754 45.57  35.829437 -18.134910 29.846
 67    13.063 54546.82497819 49.14  35.828657 -18.131620 29.846
 68    11.986 54581.82494334 45.46  35.835355 -18.151140 38.759
 68    12.089 54581.82494398 43.40  35.834575 -18.147840 38.759
 68    12.416 54581.82494591 45.71  35.832245 -18.137960 38.759
 68    12.603 54581.82494656 46.97  35.831465 -18.134660 38.759
 68    12.648 54581.82494720 51.75  35.830685 -18.131370 38.759
 69    11.992 54616.82496475 47.07  35.834639 -18.151013 40.197
 69    12.104 54616.82496540 41.77  35.833859 -18.147723 40.197
 69    12.264 54616.82496604 44.91  35.833089 -18.144423 40.197
 69    12.366 54616.82496669 49.94  35.832309 -18.141133 40.197
 69    12.508 54616.82496733 47.36  35.831529 -18.137833 40.197
 69    12.636 54616.82496797 50.14  35.830749 -18.134543 40.197
 69    12.764 54616.82496862 51.73  35.829969 -18.131243 40.197
 70    11.994 54651.82497711 44.53  35.832032 -18.150755 28.814
 70    12.088 54651.82497776 41.89  35.831262 -18.147465 28.814
 70    12.356 54651.82497840 44.04  35.830482 -18.144165 28.814
 70    12.516 54651.82497905 46.76  35.829702 -18.140875 28.814
 70    12.629 54651.82497969 42.94  35.828922 -18.137575 28.814
 70    12.728 54651.82498034 49.79  35.828142 -18.134285 28.814
 71    11.977 54686.82496912 42.52  35.831681 -18.147953 30.166
 71    12.288 54686.82496976 45.20  35.830911 -18.144663 30.166
 71    12.492 54686.82497041 47.73  35.830131 -18.141363 30.166
 71    12.575 54686.82497105 47.76  35.829351 -18.138073 30.166
 71    12.490 54686.82497170 50.76  35.828571 -18.134773 30.166
 72    11.872 54721.82492333 32.63  35.836538 -18.150865 25.134
 72    11.692 54721.82492398 28.66  35.835758 -18.147575 25.134
 72    12.139 54721.82492656 21.59  35.832648 -18.134395 25.134
 72    12.535 54721.82492720 19.04  35.831868 -18.131095 25.134
 73    11.833 54756.82494386 41.96  35.832549 -18.149435 31.796
 73    12.054 54756.82494450 42.94  35.831779 -18.146145 31.796
 73    12.187 54756.82494514 45.45  35.830999 -18.142845 31.796
 73    12.351 54756.82494579 46.51  35.830219 -18.139555 31.796
 73    12.260 54756.82494643 45.50  35.829439 -18.136255 31.796
 73    12.271 54756.82494708 48.05  35.828659 -18.132965 31.796
 74    11.699 54791.82491571 43.90  35.834918 -18.151897 36.937
 74    11.842 54791.82491635 41.39  35.834138 -18.148597 36.937
 74    11.992 54791.82491700 47.89  35.833358 -18.145307 36.937
 74    12.131 54791.82491764 43.69  35.832588 -18.142007 36.937
 74    12.180 54791.82491829 42.63  35.831808 -18.138717 36.937
 74    12.167 54791.82491893 48.12  35.831028 -18.135417 36.937
 74    12.156 54791.82491958 43.75  35.830248 -18.132127 36.937
 75    13.710 54826.82494064 49.44  35.834538 -18.151504 31.354
 75    13.825 54826.82494128 40.92  35.833758 -18.148214 31.354
 75    13.852 54826.82494193 40.44  35.832978 -18.144914 31.354
 75    13.960 54826.82494257 38.92  35.832208 -18.141624 31.354
 75    13.982 54826.82494322 38.19  35.831428 -18.138324 31.354
 75    14.085 54826.82494386 38.05  35.830648 -18.135034 31.354
 75    14.090 54826.82494451 35.47  35.829868 -18.131734 31.354
 76    13.922 54861.82491001 47.26  35.836400 -18.152732 35.755
 76    14.045 54861.82491066 47.99  35.835620 -18.149432 35.755
 76    14.185 54861.82491323 45.99  35.832510 -18.136252 35.755
 76    14.260 54861.82491388 48.26  35.831730 -18.132962 35.755
 76    14.329 54861.82491452 45.46  35.830950 -18.129662 35.755
 77    12.533 54896.82494155 42.43  35.831002 -18.147688 29.530
 77    12.589 54896.82494219 43.88  35.830222 -18.144398 29.530
 77    12.703 54896.82494284 48.59  35.829442 -18.141098 29.530
 77    12.858 54896.82494348 48.76  35.828662 -18.137808 29.530
 77    12.884 54896.82494413 49.33  35.827882 -18.134508 29.530
 78    13.027 54931.82490661 40.53  35.833538 -18.149651 31.237
 78    13.103 54931.82490726 37.92  35.832758 -18.146351 31.237
 78    13.114 54931.82490790 31.47  35.831988 -18.143061 31.237
 78    13.136 54931.82490855 30.47  35.831208 -18.139761 31.237
 78    13.198 54931.82490919 27.83  35.830428 -18.136471 31.237
 78    13.202 54931.82490984 27.52  35.829648 -18.133171 31.237
 79    12.045 54966.82494271 41.87  35.832956 -18.149838 33.494
 79    12.202 54966.82494335 43.75  35.832186 -18.146548 33.494
 79    12.336 54966.82494400 48.09  35.831406 -18.143248 33.494
 79    12.383 54966.82494464 49.98  35.830626 -18.139958 33.494
 79    12.470 54966.82494529 50.46  35.829846 -18.136658 33.494
 79    12.513 54966.82494593 50.71  35.829066 -18.133368 33.494
 80    12.034 55001.82496301 41.72  35.829754 -18.147260 25.946
 80    12.133 55001.82496366 43.01  35.828974 -18.143960 25.946
 81    12.227 55036.82494835 35.45  35.834510 -18.149148 28.970
 81    12.251 55036.82494899 32.11  35.833730 -18.145858 28.970
 81    12.521 55036.82494964 36.70  35.832950 -18.142558 28.970
 81    12.687 55036.82495028 31.62  35.832170 -18.139268 28.970
 81    12.713 55036.82495093 23.46  35.831390 -18.135968 28.970
 81    12.525 55036.82495157 27.16  35.830610 -18.132678 28.970
 82    11.815 55071.82493618 41.22  35.831978 -18.150199 31.531
 82    11.749 55071.82493683 39.40  35.831198 -18.146899 31.531
 82    11.797 55071.82493747 45.35  35.830428 -18.143609 31.531
 82    11.924 55071.82493812 46.48  35.829648 -18.140309 31.531
 82    12.047 55071.82493876 44.11  35.828868 -18.137019 31.531
 82    12.182 55071.82493941 44.67  35.828088 -18.133719 31.531
 83    11.643 55106.82488069 38.29  35.834147 -18.149653 35.256
 83    11.761 55106.82488134 39.85  35.833377 -18.146363 35.256
 83    11.865 55106.82488198 41.31  35.832597 -18.143063 35.256
 83    11.923 55106.82488263 44.61  35.831817 -18.139773 35.256
 83    12.047 55106.82488327 43.01  35.831037 -18.136473 35.256
 83    12.159 55106.82488392 44.02  35.830257 -18.133183 35.256
 84    12.197 55141.82488617 42.00  35.831702 -18.148331 29.098
 84    12.330 55141.82488682 45.66  35.830932 -18.145041 29.098
 84    12.499 55141.82488746 48.32  35.830152 -18.141741 29.098
 84    12.665 55141.82488811 49.86  35.829372 -18.138451 29.098
 84    12.736 55141.82488875 51.96  35.828592 -18.135151 29.098
 85    11.704 55176.82485004 28.76  35.836903 -18.150759 19.832
 85    11.867 55176.82485326 18.53  35.833013 -18.134289 19.832
 85    12.048 55176.82485391 20.69  35.832233 -18.130989 19.832
 86    11.734 55211.82488101 39.48  35.833040 -18.149610 33.698
 86    11.881 55211.82488165 45.62  35.832270 -18.146320 33.698
 86    12.040 55211.82488230 48.47  35.831490 -18.143020 33.698
 86    12.206 55211.82488294 48.72  35.830710 -18.139730 33.698
 86    12.357 55211.82488359 47.70  35.829930 -18.136430 33.698
 86    12.419 55211.82488423 46.35  35.829150 -18.133140 33.698
 87    12.044 55246.82485299 43.39  35.835269 -18.151826 38.504
 87    11.982 55246.82485363 37.65  35.834489 -18.148526 38.504
 87    12.381 55246.82485492 45.73  35.832939 -18.141936 38.504
 87    12.491 55246.82485557 47.47  35.832159 -18.138646 38.504
 87    12.408 55246.82485621 47.31  35.831379 -18.135346 38.504
 87    12.462 55246.82485685 47.67  35.830599 -18.132056 38.504
 88    13.603 55281.82487400 44.27  35.831976 -18.150631 27.602
 88    13.575 55281.82487464 44.74  35.831206 -18.147331 27.602
 88    13.751 55281.82487529 46.15  35.830426 -18.144041 27.602
 88    13.799 55281.82487593 47.34  35.829646 -18.140741 27.602
 88    13.890 55281.82487658 47.89  35.828866 -18.137451 27.602
 88    13.838 55281.82487722 43.11  35.828086 -18.134151 27.602
 89    13.609 55316.82484290 46.05  35.832046 -18.150108 29.114
 89    13.612 55316.82484354 46.46  35.831266 -18.146818 29.114
 89    13.765 55316.82484418 47.80  35.830486 -18.143518 29.114
 89    13.915 55316.82484483 49.24  35.829706 -18.140228 29.114
 89    14.020 55316.82484547 48.62  35.828926 -18.136928 29.114
 89    14.092 55316.82484612 52.11  35.828146 -18.133638 29.114
 90    13.454 55351.82484686 48.24  35.832636 -18.150474 29.036
 90    13.592 55351.82484750 44.45  35.831856 -18.147184 29.036
 90    13.692 55351.82484815 45.67  35.831076 -18.143884 29.036
 90    13.780 55351.82484879 45.50  35.830296 -18.140594 29.036
 90    13.801 55351.82484944 44.03  35.829516 -18.137294 29.036
 90    13.908 55351.82485008 45.72  35.828736 -18.133994 29.036
 91    14.164 55386.82484206 44.08  35.833428 -18.149658 31.970
 91    14.264 55386.82484270 46.46  35.832658 -18.146368 31.970
 91    14.347 55386.82484335 46.57  35.831878 -18.143068 31.970
 91    14.332 55386.82484399 44.88  35.831098 -18.139778 31.970
 91    14.507 55386.82484464 46.46  35.830318 -18.136478 31.970
 91    14.427 55386.82484528 43.26  35.829538 -18.133188 31.970
 92    11.690 55421.82486445 41.70  35.834505 -18.151431 33.861
 92    11.819 55421.82486510 47.33  35.833725 -18.148131 33.861
 92    11.978 55421.82486574 45.53  35.832955 -18.144841 33.861
 92    12.090 55421.82486638 46.99  35.832175 -18.141541 33.861
 92    12.034 55421.82486703 40.85  35.831395 -18.138251 33.861
 92    12.080 55421.82486767 42.79  35.830615 -18.134951 33.861
 92    12.124 55421.82486832 43.60  35.829835 -18.131661 33.861
 93    11.585 55456.82483960 42.20  35.832056 -18.148542 30.292
 93    11.743 55456.82484024 49.25  35.831276 -18.145252 30.292
 93    11.934 55456.82484089 48.10  35.830496 -18.141952 30.292
 93    12.087 55456.82484153 42.43  35.829716 -18.138662 30.292
 93    12.073 55456.82484218 42.76  35.828936 -18.135362 30.292
