-116429.942   376.652     0.00   31.39
-116054.586   368.179   -22.57   28.65
-115679.749   357.656   -28.07   22.70
-115304.904   346.668   -29.31   10.97
-114930.049   341.228   -14.51    9.21
-114555.185   336.485   -12.65    8.28
-114180.313   334.135    -6.27    8.54
-113805.431   332.305    -4.88    8.52
-113430.541   334.404     5.60    9.73
-113055.642   336.371     5.25   11.29
-112680.733   334.062    -6.16   12.87
-112305.816   343.793    25.95   29.11
-111930.889   346.013     5.92   30.46
-111555.954   350.972    13.22   32.50
-111181.010   352.818     4.92   36.85
-110806.057   336.989   -42.21   34.97
-110431.094   322.359   -39.02   28.03
-110056.123   307.452   -39.75   12.07
-109681.143   301.075   -17.01   10.48
-109306.154   297.587    -9.30   11.67
-108931.156   291.485   -16.27   11.96
-108556.149   285.371   -16.30   11.63
-108181.133   279.218   -16.41    9.07
-107806.108   273.203   -16.04    8.67
-107431.073   266.023   -19.14   11.57
-107056.030   256.647   -25.00   12.23
-106680.978   249.953   -17.85    8.98
-106305.917   249.721    -0.62    8.88
-105930.847   251.921     5.87    9.94
-105555.768   258.668    17.99    9.48
-105180.680   266.100    19.81   14.17
-104805.583   275.946    26.25   18.97
-104430.477   285.745    26.12   15.49
-104055.361   294.687    23.84   13.69
-103680.237   307.418    33.94   25.79
-103305.104   313.555    16.36   25.31
-102929.962   315.306     4.67   22.87
-102554.811   313.452    -4.94   23.07
-102179.650   304.502   -23.85   13.82
-101804.481   296.895   -20.28   11.11
-101429.303   291.160   -15.28   10.04
-101054.115   290.152    -2.69    8.54
-100678.919   292.897     7.32    9.09
-100303.713   301.950    24.13   21.75
 -99928.499   314.049    32.24   22.99
 -99553.275   324.207    27.07   19.39
 -99178.043   325.918     4.56   17.29
 -98802.801   320.023   -15.71    9.86
 -98427.550   315.543   -11.94   13.16
 -98052.291   308.767   -18.06   15.31
 -97677.022   300.134   -23.00   16.95
 -97301.744   289.437   -28.50   17.39
 -96926.457   278.690   -28.64   16.10
 -96551.161   270.443   -21.97   11.20
 -96175.856   268.613    -4.88    8.40
 -95800.542   273.768    13.73   11.26
 -95425.219   280.794    18.72   11.81
 -95049.886   288.687    21.03    9.03
 -94674.545   294.243    14.80   10.19
 -94299.195   300.587    16.90   10.87
 -93923.835   306.574    15.95    8.74
 -93548.466   309.418     7.58    7.07
 -93173.089   311.224     4.81    8.58
 -92797.702   309.002    -5.92    9.24
 -92422.306   309.002     0.00    8.40
 -92046.901   312.043     8.10    7.46
 -91671.487   314.918     7.66    9.74
 -91296.064   321.218    16.78   11.55
 -90920.632   328.562    19.56   11.93
 -90545.190   334.763    16.52   11.84
 -90169.740   334.794     0.08   10.11
 -89794.280   335.126     0.88   18.81
 -89418.812   329.023   -16.25   20.58
 -89043.334   317.468   -30.77   10.88
 -88667.847   312.485   -13.27    7.72
 -88292.351   308.243   -11.30    9.07
 -87916.846   301.998   -16.63    9.47
 -87541.332   297.193   -12.79   10.27
 -87165.808   288.100   -24.21    9.96
 -86790.276   283.562   -12.08    9.44
 -86414.734   275.891   -20.42   10.09
 -86039.183   267.555   -22.20   10.43
 -85663.623   264.168    -9.02   10.57
 -85288.054   265.243     2.86   12.75
 -84912.476   272.543    19.44   16.56
 -84536.889   284.918    32.95   14.77
 -84161.292   292.710    20.74    9.99
 -83785.687   292.602    -0.29    8.01
 -83410.072   290.629    -5.25    7.28
 -83034.448   288.993    -4.35    8.72
 -82658.815   289.086     0.25   10.41
 -82283.173   294.218    13.66   11.96
 -81907.521   299.843    14.97   13.71
 -81531.861   304.055    11.21   12.37
 -81156.191   306.723     7.10    9.41
 -80780.512   307.418     1.85   11.66
 -80404.824   304.203    -8.56   11.61
 -80029.127   297.493   -17.86   13.80
 -79653.420   289.895   -20.22   15.68
 -79277.705   279.413   -27.90   14.92
 -78901.980   269.998   -25.06   12.34
 -78526.246   265.331   -12.42   10.84
 -78150.503   263.741    -4.23    9.04
 -77774.751   267.741    10.64   11.17
 -77398.989   274.721    18.57   12.91
 -77023.218   284.902    27.09   11.75
 -76647.439   290.693    15.41    9.76
 -76271.649   291.613     2.45    8.44
 -75895.851   288.485    -8.32   10.33
 -75520.044   282.568   -15.74    9.40
 -75144.227   277.397   -13.76    6.46
 -74768.401   274.143    -8.66    6.79
 -74392.566   272.510    -4.34    6.79
 -74016.722   272.152    -0.96    7.25
 -73640.868   270.330    -4.85    7.44
 -73265.006   267.318    -8.01    7.98
 -72889.134   260.111   -19.17   10.35
 -72513.252   252.972   -18.99   10.47
 -72137.362   245.493   -19.90    9.66
 -71761.462   240.293   -13.83    8.70
 -71385.554   235.844   -11.84    9.71
 -71009.636   230.104   -15.27    9.04
 -70633.708   227.213    -7.69    8.05
 -70257.772   224.718    -6.64    6.95
 -69881.826   225.408     1.83    8.48
 -69505.871   225.306    -0.27    9.39
 -69129.907   225.493     0.50    9.29
 -68753.933   224.895    -1.59    8.65
 -68377.950   224.043    -2.27    7.33
 -68001.958   223.408    -1.69    7.83
 -67625.957   223.818     1.09    7.75
 -67249.947   222.518    -3.46    8.82
 -66873.927   223.767     3.32    8.92
 -66497.898   224.023     0.68    8.66
 -66121.860   222.818    -3.20    8.00
 -65745.812   221.418    -3.72    8.32
 -65369.755   219.357    -5.48    7.77
 -64993.689   219.382     0.07    7.37
 -64617.614   218.100    -3.41    6.67
 -64241.529   215.068    -8.06    7.74
 -63865.435   212.393    -7.11    7.54
 -63489.332   211.331    -2.82    6.84
 -63113.220   215.793    11.86    8.66
 -62737.098   223.943    21.67   10.26
 -62360.967   228.613    12.42    6.41
 -61984.826   229.175     1.49    6.77
 -61608.677   228.228    -2.52    8.37
 -61232.518   224.018   -11.19    9.65
 -60856.350   218.690   -14.16    9.08
 -60480.172   219.434     1.98    9.73
 -60103.985   221.818     6.34    9.80
 -59727.789   224.923     8.25    8.13
 -59351.584   222.643    -6.06    8.57
 -58975.369   218.318   -11.50    8.57
 -58599.145   215.086    -8.59    7.78
 -58222.912   214.993    -0.25    7.78
 -57846.669   219.763    12.68    8.58
 -57470.417   223.055     8.75    7.94
 -57094.156   223.818     2.03    6.76
 -56717.885   222.468    -3.59    7.15
 -56341.605   218.305   -11.06    7.85
 -55965.316   214.268   -10.73    8.49
 -55589.017   209.818   -11.83    8.88
 -55212.709   205.660   -11.05    8.79
 -54836.392   197.599   -21.42   11.63
 -54460.066   189.989   -20.22   11.47
 -54083.730   185.660   -11.50    9.62
 -53707.384   182.793    -7.62    9.77
 -53331.030   181.081    -4.55   10.48
 -52954.666   178.721    -6.27   10.36
 -52578.292   175.243    -9.24    8.96
 -52201.910   170.305   -13.12    8.05
 -51825.518   166.599    -9.85    7.55
 -51449.116   164.485    -5.62    6.40
 -51072.705   165.379     2.38    6.70
 -50696.285   171.741    16.90   10.77
 -50319.856   178.891    18.99   11.47
 -49943.417   184.536    14.99    7.07
 -49566.969   186.408     4.97    6.23
 -49190.511   182.393   -10.66    8.49
 -48814.044   175.408   -18.55    7.84
 -48437.568   172.794    -6.94    7.92
 -48061.082   170.485    -6.13    6.43
 -47684.587   173.357     7.63    8.08
 -47308.082   176.029     7.10    6.84
 -46931.569   178.371     6.22    7.73
 -46555.045   179.043     1.79    6.01
 -46178.513   177.331    -4.55    5.99
 -45801.970   176.972    -0.95    6.67
 -45425.419   178.587     4.29    8.99
 -45048.858   183.818    13.89   10.08
 -44672.288   186.550     7.25    7.35
 -44295.708   188.126     4.18    8.38
 -43919.119   186.998    -3.00    9.10
 -43542.521   184.018    -7.91    8.11
 -43165.913   183.536    -1.28    7.48
 -42789.295   181.104    -6.46    7.45
 -42412.669   177.613    -9.27    7.12
 -42036.032   172.293   -14.12    9.06
 -41659.387   164.126   -21.68   10.35
 -41282.993   156.228   -20.98   11.50
 -40908.207   147.532   -23.20   11.37
 -40533.411   139.002   -22.76    7.56
 -40158.605   134.618   -11.70    6.36
 -39783.791   131.943    -7.14    5.95
 -39408.967   130.623    -3.52    5.82
 -39034.134   130.143    -1.28    6.07
 -38659.291   127.278    -7.64    6.21
 -38284.439   125.088    -5.84    6.94
 -37909.578   120.791   -11.46    7.62
 -37534.707   115.343   -14.53    7.59
 -37159.827   110.443   -13.07    7.91
 -36784.938   106.318   -11.00    7.80
 -36410.039   100.693   -15.00    8.16
 -36035.131    95.450   -13.99    8.31
 -35660.213    89.175   -16.74    7.90
 -35285.287    83.716   -14.56    6.88
 -34910.350    79.152   -12.17    6.40
 -34535.405    76.318    -7.56    6.48
 -34160.450    74.972    -3.59    8.01
 -33785.486    73.743    -3.28    9.24
 -33410.512    71.869    -5.00    9.41
 -33035.529    68.243    -9.67   10.04
 -32660.537    65.228    -8.04    8.32
 -32285.535    63.257    -5.26    8.11
 -31910.524    61.193    -5.50    8.04
 -31535.503    61.467     0.73    8.76
 -31160.473    60.243    -3.26    8.42
 -30785.434    58.843    -3.73    7.98
 -30410.385    56.018    -7.53    7.55
 -30035.327    54.518    -4.00    7.07
 -29660.259    52.690    -4.87    7.89
 -29285.182    49.923    -7.38    8.74
 -28910.096    47.929    -5.32    8.99
 -28535.000    45.418    -6.69    6.64
 -28159.895    43.818    -4.27    4.28
 -27784.780    43.168    -1.73    4.07
 -27409.656    43.093    -0.20    4.14
 -27034.523    42.134    -2.56    4.00
 -26659.380    41.509    -1.67    4.38
 -26284.227    41.869     0.96    5.38
 -25909.066    41.618    -0.67    5.54
 -25533.894    40.593    -2.73    5.31
 -25158.714    39.100    -3.98    4.45
 -24783.524    37.104    -5.32    2.79
 -24408.324    37.331     0.61    3.75
 -24033.115    38.218     2.36    5.16
 -23657.897    40.152     5.15    6.45
 -23282.669    41.111     2.56    5.41
 -22907.432    41.018    -0.25    5.49
 -22532.185    40.040    -2.61    4.65
 -22156.929    39.134    -2.42    3.90
 -21781.664    39.343     0.56    3.36
 -21406.389    39.998     1.74    2.05
 -21031.104    39.485    -1.37    1.56
 -20655.810    39.168    -0.84    1.39
 -20280.507    38.562    -1.62    1.60
 -19905.194    37.957    -1.61    1.59
 -19529.872    37.368    -1.57    2.01
 -19154.540    36.038    -3.54    2.78
 -18779.198    34.408    -4.34    3.12
 -18403.848    34.818     1.09    5.12
 -18028.487    36.844     5.40   10.27
 -17653.118    41.413    12.17   12.67
 -17277.738    43.203     4.77   11.86
 -16902.350    41.318    -5.02   10.04
 -16526.952    37.393   -10.46    8.16
 -16151.544    32.793   -12.25    6.31
 -15776.127    28.556   -11.28    5.47
 -15400.700    24.921    -9.68    4.78
 -15025.264    22.243    -7.13    3.88
 -14649.818    20.343    -5.06    4.34
 -14274.363    19.743    -1.60    4.95
 -13898.898    19.893     0.40    5.16
 -13523.424    20.374     1.28    6.01
 -13147.940    19.397    -2.60    5.74
 -12772.447    17.895    -4.00    6.09
 -12396.945    18.293     1.06    7.07
 -12021.432    18.716     1.12    7.60
 -11645.911    18.568    -0.39    6.87
 -11270.379    17.946    -1.66    6.50
 -10894.838    15.187    -7.35    5.00
 -10519.288    13.493    -4.51    4.07
 -10143.728    12.184    -3.49    2.71
  -9768.159    12.434     0.66    2.30
  -9392.580    11.618    -2.17    2.28
  -9016.991    10.923    -1.85    2.26
  -8641.393     9.867    -2.81    2.16
  -8265.786     8.643    -3.26    2.22
  -7890.169     7.243    -3.73    3.01
  -7514.542     5.282    -5.22    3.32
  -7138.906     3.459    -4.85    2.86
  -6763.260     2.675    -2.09    1.96
  -6387.605     2.266    -1.09    1.86
  -6011.940     2.485     0.58    2.09
  -5636.265     2.743     0.69    1.94
  -5260.581     2.343    -1.06    1.54
  -4884.888     2.793     1.20    1.51
  -4509.185     2.263    -1.41    1.58
  -4133.472     2.357     0.25    1.39
  -3757.750     2.081    -0.73    1.52
  -3382.018     1.767    -0.84    1.41
  -3006.277     1.895     0.34    1.51
  -2630.526     2.443     1.46    1.79
  -2254.765     2.690     0.66    2.13
  -1878.995     2.371    -0.85    2.49
  -1503.215     1.550    -2.18    2.76
  -1127.426    -0.060    -4.28    2.22
   -751.627    -0.050     0.03    2.29
   -375.818    -0.732    -1.81    2.22
      0.000    -0.629     0.27    3.40
    375.828     2.135     7.36    6.35
    751.665     6.218    10.86    7.77
   1127.512    10.921    12.51    7.07
   1503.369    14.038     8.29    6.45
   1879.235    15.895     4.94    6.19
   2255.111    17.525     4.34    5.57
   2630.996    20.767     8.62    5.93
   3006.891    24.208     9.16    7.81
   3382.796    32.218    21.31   10.78
   3758.710    42.434    27.17   12.61
   4134.634    51.818    24.96   11.69
   4510.567    61.450    25.62   10.37
   4886.510    69.721    22.00    8.87
   5262.463    74.844    13.63    5.01
   5638.426    77.476     7.00    3.47
   6014.398    77.793     0.84    2.17
   6390.379    77.160    -1.68    2.21
   6766.371    76.168    -2.64    3.17
   7142.372    74.510    -4.41    4.07
   7518.382    73.331    -3.14    4.17
   7894.403    71.940    -3.70    3.57
   8270.433    70.386    -4.13    2.63
   8646.472    70.233    -0.41    2.34
   9022.521    70.100    -0.35    2.35
   9398.580    70.382     0.75    2.44
   9774.649    71.543     3.09    3.55
  10150.727    72.126     1.55    3.90
  10526.815    73.294     3.11    4.12
  10902.913    74.266     2.58    3.58
  11279.020    74.593     0.87    2.53
  11655.137    75.562     2.58    2.22
  12031.263    76.501     2.50    2.42
  12407.400    78.043     4.10    2.89
  12783.546    79.923     5.00    2.86
  13159.701    80.368     1.18    2.62
  13535.867    80.468     0.27    2.13
  13912.042    79.867    -1.60    2.02
  14288.226    78.543    -3.52    2.03
  14664.421    78.177    -0.97    2.08
  15040.625    77.382    -2.11    2.10
  15416.839    76.562    -2.18    2.21
  15793.062    76.393    -0.45    2.30
  16169.296    76.143    -0.66    2.25
  16545.538    75.943    -0.53    2.48
  16921.791    75.203    -1.97    2.72
  17298.054    74.013    -3.16    3.50
  17674.326    72.193    -4.84    3.62
  18050.607    71.593    -1.59    3.04
  18426.899    72.152     1.48    2.41
  18803.200    72.718     1.51    2.02
  19179.511    72.331    -1.03    2.45
  19555.832    71.056    -3.39    2.95
  19932.162    69.664    -3.70    2.83
  20308.502    68.893    -2.05    3.11
  20684.852    66.493    -6.38    3.55
  21061.212    64.818    -4.45    4.28
  21437.581    63.009    -4.81    4.67
  21813.961    62.562    -1.19    5.00
  22190.349    62.293    -0.71    5.10
  22566.748    61.118    -3.12    6.54
  22943.156    57.393    -9.90    7.22
  23319.575    53.968    -9.10    6.95
  23696.003    52.874    -2.91    6.76
  24072.440    56.459     9.52    8.24
  24448.888    59.844     8.99    6.64
  24825.345    61.693     4.91    4.44
  25201.812    61.068    -1.66    3.87
  25578.288    59.108    -5.21    4.34
  25954.775    58.844    -0.70    4.33
  26331.271    59.408     1.50    4.55
  26707.777    60.993     4.21    4.86
  27084.293    62.306     3.49    4.83
  27460.819    61.943    -0.96    5.97
  27837.354    62.543     1.59    6.54
  28213.899    63.869     3.52    6.97
  28590.454    66.968     8.23    4.76
  28967.019    67.477     1.35    3.36
  29343.594    66.510    -2.57    3.49
  29720.178    66.018    -1.31    3.94
  30096.772    65.897    -0.32    5.56
  30473.376    65.628    -0.72    5.89
  30849.990    65.228    -1.06    6.21
  31226.613    64.193    -2.75    5.40
  31603.247    65.368     3.12    6.12
  31979.890    68.305     7.80    6.92
  32356.543    71.501     8.48    5.57
  32733.206    74.613     8.26    2.82
  33109.878    74.330    -0.75    2.46
  33486.561    73.993    -0.90    2.18
  33862.128    73.869    -0.33    1.78
  34236.870    74.243     1.00    2.02
  34611.622    74.126    -0.31    2.48
  34986.383    72.793    -3.56    4.44
  35361.155    69.357    -9.17    7.43
  35735.936    67.510    -4.93    7.58
  36110.727    67.493    -0.05    7.88
  36485.527    68.213     1.92    8.44
  36860.337    68.368     0.41    8.72
  37235.157    69.408     2.77    7.56
  37609.987    70.268     2.30    5.62
  37984.827    71.843     4.20    3.82
  38359.676    71.408    -1.16    4.72
  38734.535    68.965    -6.52    6.99
  39109.404    67.397    -4.18    6.66
  39484.282    68.032     1.69    5.94
  39859.170    67.536    -1.32    6.85
  40234.068    67.718     0.49    7.48
  40608.976    66.013    -4.55    8.65
  40983.894    65.075    -2.50    9.01
  41358.821    66.647     4.20    8.53
  41733.758    69.061     6.44    6.89
  42108.705    70.794     4.62    4.44
  42483.662    70.459    -0.89    4.15
  42858.628    69.793    -1.78    3.92
  43233.604    68.818    -2.60    4.06
  43608.590    67.371    -3.86    4.46
  43983.586    67.418     0.13    4.51
  44358.592    67.536     0.31    4.53
  44733.607    66.972    -1.50    5.75
  45108.632    64.818    -5.74    6.43
  45483.667    63.343    -3.93    5.85
  45858.712    62.745    -1.59    6.07
  46233.766    62.613    -0.35    6.26
  46608.831    63.916     3.47    6.19
  46983.905    63.306    -1.63    7.09
  47358.989    61.434    -4.99    6.74
  47734.083    61.118    -0.84    6.83
  48109.186    60.134    -2.62    6.81
  48484.300    61.223     2.90    7.61
  48859.423    62.972     4.66    8.14
  49234.556    63.193     0.59    8.08
  49609.699    62.693    -1.33    7.01
  49984.851    62.664    -0.08    6.04
  50360.014    64.623     5.22    5.12
  50735.186    65.679     2.82    4.87
  51110.368    63.916    -4.70    6.35
  51485.560    60.639    -8.73    6.29
  51860.762    58.408    -5.95    4.56
  52235.974    60.043     4.36    5.82
  52611.196    62.818     7.40    6.12
  52986.427    63.485     1.78    6.44
  53361.668    62.767    -1.91    7.21
  53736.919    61.468    -3.46    8.21
  54112.180    59.818    -4.40    8.07
  54487.451    60.268     1.20    7.84
  54862.732    62.568     6.13    7.35
  55238.022    63.305     1.96    7.91
  55613.323    64.135     2.21    7.11
  55988.633    62.135    -5.33    7.56
  56363.953    59.562    -6.86    7.59
  56739.283    56.918    -7.04    6.49
  57114.623    55.739    -3.14    6.37
  57489.973    56.366     1.67    7.29
  57865.332    56.493     0.34    7.61
  58240.702    56.075    -1.12    7.77
  58616.081    54.443    -4.35    8.10
  58991.470    53.228    -3.24    7.88
  59366.870    54.208     2.61    8.78
  59742.279    56.485     6.06   10.07
  60117.698    58.843     6.28    9.68
  60493.127    60.998     5.74    8.68
  60868.565    62.664     4.44    7.99
  61244.014    63.043     1.01    6.45
  61619.473    61.741    -3.47    5.99
  61994.941    58.152    -9.56    7.83
  62370.419    54.459    -9.83    6.14
  62745.908    52.743    -4.57    4.05
  63121.406    51.306    -3.83    3.00
  63496.914    50.943    -0.97    3.86
  63872.432    50.643    -0.80    4.78
  64247.960    50.716     0.19    5.83
  64623.498    51.518     2.14    7.18
  64999.046    52.623     2.94    8.24
  65374.604    53.485     2.29    8.01
  65750.171    54.168     1.82    6.19
  66125.749    52.976    -3.17    4.56
  66501.337    52.580    -1.05    3.48
  66876.934    49.968    -6.95    4.60
  67252.542    47.918    -5.46    4.95
  67628.159    48.254     0.89    5.35
  68003.786    48.869     1.64    6.49
  68379.424    49.355     1.29    6.96
  68755.071    51.371     5.37    5.67
  69130.728    50.989    -1.02    4.50
  69506.395    50.587    -1.07    3.63
  69882.072    50.459    -0.34    4.31
  70257.760    49.468    -2.64    4.62
  70633.457    48.134    -3.55    5.01
  71009.164    48.998     2.30    4.35
  71384.881    47.228    -4.71    5.20
  71760.608    45.818    -3.75    5.76
  72136.345    47.282     3.89    5.78
  72512.092    48.443     3.09    5.86
  72887.848    50.501     5.48    6.08
  73263.615    51.664     3.10    4.76
  73639.392    48.843    -7.51    6.77
  74015.179    46.477    -6.30    6.29
  74390.976    46.668     0.51    6.56
  74766.783    47.768     2.93    6.53
  75142.600    49.529     4.68    5.42
  75518.427    48.866    -1.76    5.24
  75894.264    46.418    -6.51    4.63
  76270.110    44.293    -5.65    3.04
  76645.967    44.769     1.27    3.84
  77021.834    46.613     4.91    4.20
  77397.711    47.184     1.52    4.05
  77773.598    48.305     2.98    4.32
  78149.495    49.013     1.88    4.64
  78525.402    48.793    -0.59    4.95
  78901.319    48.293    -1.33    4.81
  79277.246    46.968    -3.52    4.28
  79653.183    46.739    -0.61    4.13
  80029.130    47.843     2.94    4.18
  80405.087    48.280     1.16    3.87
  80781.054    47.921    -0.95    4.19
  81157.032    45.793    -5.66    3.90
  81533.019    43.690    -5.59    2.72
  81909.016    43.343    -0.92    3.04
  82285.023    42.893    -1.20    2.90
  82661.041    43.143     0.66    3.17
  83037.068    43.282     0.37    3.09
  83413.106    42.767    -1.37    2.85
  83789.153    42.623    -0.38    3.23
  84165.211    42.305    -0.84    3.69
  84541.278    42.013    -0.78    3.63
  84917.356    41.793    -0.59    3.50
  85293.444    41.972     0.48    3.81
  85669.542    43.723     4.66    3.80
  86045.650    44.450     1.93    4.02
  86421.768    44.477     0.07    4.52
  86797.896    44.998     1.39    4.43
  87174.034    44.038    -2.55    4.64
  87550.182    43.672    -0.97    4.98
  87926.341    44.049     1.00    5.18
  88302.509    42.623    -3.79    4.87
  88678.688    42.443    -0.48    5.18
  89054.876    41.891    -1.47    4.55
  89431.075    40.493    -3.72    4.31
  89807.284    40.664     0.45    3.77
  90183.503    41.418     2.00    3.93
  90559.732    41.529     0.29    5.02
  90935.971    42.718     3.16    6.45
  91312.220    43.203     1.29    7.02
  91688.479    43.408     0.55    6.90
  92064.749    42.468    -2.50    6.22
  92441.028    41.763    -1.88    4.93
  92817.318    41.368    -1.05    3.75
  93193.618    40.443    -2.46    4.02
  93569.928    40.093    -0.93    3.66
  93946.248    38.228    -4.96    4.08
  94322.578    37.608    -1.65    4.12
  94698.918    37.937     0.88    4.36
  95075.269    37.690    -0.66    4.11
  95451.629    37.843     0.41    3.81
  95828.000    38.918     2.86    3.62
  96204.381    38.868    -0.13    3.96
  96580.772    37.723    -3.04    4.32
  96957.173    36.397    -3.52    4.86
  97333.584    34.518    -4.99    4.18
  97710.006    34.518     0.00    4.71
  98086.438    33.794    -1.92    4.97
  98462.879    33.111    -1.81    5.39
  98839.331    32.713    -1.06    6.22
  99215.793    32.893     0.48    6.88
  99592.266    33.693     2.13    7.49
  99968.748    35.306     4.28    6.73
 100345.241    33.668    -4.35    6.95
 100721.744    31.656    -5.34    6.94
 101098.256    30.434    -3.25    6.62
 101474.780    30.168    -0.70    5.42
 101851.313    31.718     4.12    5.04
 102227.856    32.868     3.05    4.84
 102604.410    33.768     2.39    4.23
 102980.974    34.193     1.13    4.49
 103357.548    34.359     0.44    4.54
 103734.132    34.968     1.62    5.94
 104110.727    34.867    -0.27    6.12
 104487.332    35.152     0.76    6.18
 104863.947    33.168    -5.27    6.35
 105240.572    31.818    -3.58    6.51
 105617.207    30.604    -3.22    5.45
 105993.852    28.152    -6.51    4.31
 106370.508    28.152     0.00    4.87
 106747.174    29.693     4.09    5.97
 107123.850    29.536    -0.42    6.50
 107500.537    30.699     3.09    6.28
 107877.233    32.075     3.65    6.41
 108253.940    32.418     0.91    6.10
 108630.636    31.793    -1.66    6.30
 109005.326    31.664    -0.34    5.59
 109380.026    30.568    -2.93    3.75
 109754.737    32.207     4.37    4.38
 110129.457    32.844     1.70    4.65
 110504.188    34.368     4.07    5.22
 110878.928    35.693     3.54    5.86
 111253.679    35.593    -0.27    5.74
 111628.440    35.965     0.99    5.42
 112003.211    34.075    -5.04    5.30
 112377.993    33.608    -1.25    4.61
 112752.784    34.068     1.23    4.44
 113127.586    34.721     1.74    3.79
 113502.397    35.418     1.86    3.75
 113877.219    36.543     3.00    3.65
 114252.051    36.897     0.94    4.27
 114626.893    36.104    -2.12    4.80
 115001.746    35.075    -2.75    4.72
 115376.608    33.767    -3.49    4.45
 115751.481    32.893    -2.33    3.65
 116126.364    32.741    -0.41    3.23
 116501.257    32.937     0.52    3.13
 116876.160    32.871    -0.18    2.85
 117251.073    32.793    -0.21    2.70
 117625.996    32.972     0.48    3.12
 118000.930    33.282     0.83    2.91
 118375.874    33.794     1.37    2.53
 118750.828    33.608    -0.50    2.47
 119125.792    32.844    -2.04    2.27
 119500.766    32.443    -1.07    2.33
 119875.751    33.193     2.00    2.62
 120250.746    32.893    -0.80    2.62
 120625.751    32.485    -1.09    2.67
 121000.766    32.331    -0.41    2.51
 121375.791    32.124    -0.55    2.24
 121750.827    32.293     0.45    2.53
 122125.873    32.468     0.47    2.21
 122500.929    32.643     0.47    2.26
 122875.995    32.587    -0.15    2.19
 123251.071    32.434    -0.41    2.03
 123626.158    32.390    -0.12    1.86
 124001.255    31.818    -1.52    2.48
 124376.362    30.867    -2.54    2.22
 124751.479    29.993    -2.33    2.17
 125126.607    29.543    -1.20    2.53
 125501.744    28.586    -2.55    2.96
 125876.892    28.108    -1.27    2.75
 126252.050    27.918    -0.51    2.83
 126627.219    27.741    -0.47    3.05
 127002.398    26.989    -2.01    2.93
 127377.587    25.721    -3.38    2.80
 127752.786    24.587    -3.02    2.32
 128127.995    23.741    -2.26    2.25
 128503.215    22.998    -1.98    1.85
 128878.445    22.916    -0.22    2.21
 129253.685    23.023     0.29    2.83
 129628.935    23.049     0.07    2.81
 130004.196    22.768    -0.75    3.25
 130379.467    22.555    -0.57    3.31
 130754.748    21.968    -1.56    3.55
 131130.040    21.318    -1.73    3.34
 131505.341    20.368    -2.53    3.37
 131880.653    20.062    -0.82    3.51
 132255.976    19.160    -2.40    3.00
 132631.308    18.452    -1.89    2.95
 133006.651    18.459     0.02    3.41
 133382.004    17.623    -2.23    3.16
 133757.368    17.468    -0.41    3.47
 134132.742    15.972    -3.99    3.14
 134508.126    14.413    -4.15    2.39
 134883.520    13.660    -2.01    2.22
 135258.925    12.989    -1.79    2.07
 135634.339    11.895    -2.91    1.90
 136009.765    11.891    -0.01    1.99
 136385.200    11.643    -0.66    2.30
 136760.646    11.510    -0.35    2.08
 137136.102    11.647     0.36    2.34
 137511.569    11.468    -0.48    2.23
 137887.045    11.233    -0.63    2.53
 138262.532    10.893    -0.90    2.62
 138638.030    10.049    -2.25    2.39
 139013.538     9.418    -1.68    2.09
 139389.056     9.118    -0.80    2.13
 139764.584     8.568    -1.46    1.74
 140140.123     8.741     0.46    2.45
 140515.672     9.068     0.87    3.20
 140891.231     9.965     2.39    3.50
 141266.801    10.568     1.61    3.59
 141642.381    10.794     0.60    3.61
 142017.971     9.587    -3.21    3.51
 142393.572     9.769     0.48    3.66
 142769.183     9.428    -0.91    3.52
 143144.805     9.382    -0.12    3.39
 143520.437     9.437     0.15    3.32
 143896.079     9.555     0.31    2.70
 144271.731     9.128    -1.14    2.89
 144647.394     8.741    -1.03    2.97
 145023.067     8.623    -0.31    2.89
 145398.751     8.672     0.13    2.90
 145774.445     9.382     1.89    2.52
 146150.149     9.794     1.10    2.49
 146525.864    10.608     2.17    3.12
 146901.589    11.135     1.40    3.27
 147277.325    11.100    -0.09    3.30
 147653.071    11.093    -0.02    3.27
 148028.827     9.918    -3.13    3.19
 148404.594     9.502    -1.11    3.11
 148780.371    10.562     2.82    3.06
 149156.158    11.043     1.28    3.22
 149531.956    10.844    -0.53    3.59
 149907.764     9.696    -3.05    3.13
 150283.583     8.818    -2.34    2.46
 150659.412     8.593    -0.60    2.20
 151035.252     9.049     1.21    2.53
 151411.101     9.643     1.58    2.68
 151786.962    10.135     1.31    2.89
 152162.832    10.843     1.88    2.94
 152538.714    10.794    -0.13    2.96
 152914.605    10.792    -0.01    2.89
 153290.507    10.097    -1.85    2.75
 153666.420     9.543    -1.47    2.74
 154042.342     8.562    -2.61    2.09
 154418.276     8.379    -0.49    1.79
 154794.219     8.639     0.69    2.38
 155170.173     8.913     0.73    2.34
 155546.138     8.331    -1.55    2.57
 155922.113     7.696    -1.69    2.47
 156298.099     7.543    -0.41    2.14
 156674.094     6.972    -1.52    2.17
 157050.101     6.574    -1.06    2.09
 157426.118     7.034     1.22    2.41
 157802.145     7.501     1.24    2.51
 158178.183     7.343    -0.42    2.52
 158554.231     7.434     0.24    2.56
 158930.289     5.993    -3.83    4.78
 159306.359     5.718    -0.73    4.95
 159682.438     6.168     1.20    5.16
 160058.528     5.049    -2.98    5.39
 160434.629     4.368    -1.81    3.83
 160810.740     4.794     1.13    3.33
 161186.861     4.543    -0.67    3.39
 161562.993     4.282    -0.70    2.87
 161939.136     4.100    -0.48    3.14
 162315.289     3.568    -1.41    3.41
 162691.452     2.916    -1.73    3.18
 163067.626     2.613    -0.80    3.99
 163443.810     2.111    -1.34    3.46
 163820.005     2.423     0.83    3.45
 164196.211     2.104    -0.85    3.17
 164572.427     1.568    -1.42    3.54
 164948.653     0.280    -3.43    3.73
 165324.890    -0.792    -2.85    3.14
 165701.138    -2.131    -3.56    3.34
 166077.396    -3.548    -3.77    2.76
 166453.664    -4.079    -1.41    2.65
 166829.943    -4.987    -2.41    2.51
 167206.233    -5.707    -1.91    2.71
 167582.533    -6.002    -0.79    2.86
 167958.843    -6.596    -1.58    2.93
 168335.164    -6.882    -0.76    3.12
 168711.496    -7.718    -2.22    3.09
 169087.838    -7.507     0.56    3.14
 169464.191    -6.977     1.41    2.93
 169840.554    -6.757     0.58    2.27
 170216.928    -6.907    -0.40    2.31
 170593.312    -7.032    -0.33    2.17
 170969.707    -7.643    -1.62    1.92
 171346.113    -7.457     0.50    2.29
 171722.529    -7.962    -1.34    2.35
 172098.955    -8.772    -2.15    2.57
 172475.392    -9.304    -1.41    2.55
 172851.840    -9.643    -0.90    1.97
 173228.298   -10.082    -1.16    2.60
 173604.767   -10.084    -0.01    2.60
 173981.246   -10.643    -1.49    2.72
 174357.736   -12.539    -5.04    2.92
 174734.237   -13.361    -2.18    2.70
 175110.748   -13.499    -0.37    2.54
 175487.270   -12.695     2.14    3.12
 175863.802   -12.282     1.10    2.37
 176240.345   -12.325    -0.11    2.46
 176616.898   -12.892    -1.51    2.83
 176993.462   -13.557    -1.76    2.64
 177370.037   -13.607    -0.13    2.58
 177746.622   -13.987    -1.01    2.62
 178123.218   -14.035    -0.13    2.78
 178499.825   -13.823     0.56    2.92
 178876.442   -15.107    -3.41    3.31
 179253.069   -16.482    -3.65    3.23
 179629.708   -17.377    -2.38    2.85
 180006.357   -18.682    -3.46    1.41
 180383.016   -19.105    -1.12    0.48
 180759.686   -19.182    -0.20    0.00
 181136.367   -19.182     0.00    0.00
 181513.058   -19.182     0.00    0.00
 181889.760   -19.182     0.00    0.00
 182266.473   -19.182     0.00    0.00
 182643.196   -19.182     0.00    0.00
 183019.930   -19.182     0.00    0.00
 183396.675   -19.182     0.00    0.00
 183772.478   -19.182     0.00    0.00
 184147.125   -19.182     0.00    0.00
 184521.783   -19.182     0.00    0.00
 184896.452   -19.182     0.00    0.00
 185271.131   -19.182     0.00    0.00
 185645.820   -19.182     0.00    0.00
 186020.521   -19.182     0.00    0.00
 186395.231   -19.182     0.00    0.00
 186769.952   -19.182     0.00    0.00
 187144.684   -19.182     0.00    0.00
 187519.426   -19.182     0.00    0.00
 187894.179   -19.182     0.00    0.00
 188268.942   -19.182     0.00    0.00
 188643.716   -19.182     0.00    0.00
 189018.501   -19.182     0.00    0.00
 189393.296   -19.182     0.00    0.00
 189768.101   -19.182     0.00    0.00
 190142.917   -19.182     0.00    0.00
 190517.744   -19.182     0.00    0.00
 190892.581   -19.182     0.00    0.00
 191267.429   -19.182     0.00    0.00
 191642.287   -19.182     0.00    0.00
 192017.156   -19.182     0.00    0.00
 192392.036   -19.182     0.00    0.00
 192766.926   -19.182     0.00    0.00
 193141.826   -19.182     0.00    0.00
 193516.738   -19.182     0.00    0.00
 193891.660   -19.182     0.00    0.00
 194266.592   -19.182     0.00    0.00
 194641.535   -19.182     0.00    0.00
 195016.489   -19.182     0.00    0.00
 195391.453   -19.182     0.00    0.00
 195766.428   -19.182     0.00    0.00
 196141.413   -19.182     0.00    0.00
 196516.409   -19.182     0.00    0.00
 196891.416   -19.182     0.00    0.00
 197266.433   -19.182     0.00    0.00
 197641.461   -19.182     0.00    0.00
 198016.499   -19.182     0.00    0.00
 198391.548   -19.182     0.00    0.00
 198766.608   -19.182     0.00    0.00
 199141.678   -19.182     0.00    0.00
 199516.759   -19.182     0.00    0.00
 199891.851   -19.182     0.00    0.00
 200266.953   -19.182     0.00    0.00
 200642.066   -19.182     0.00    0.00
 201017.189   -19.182     0.00    0.00
 201392.324   -19.182     0.00    0.00
 201767.468   -19.182     0.00    0.00
 202142.624   -19.182     0.00    0.00
 202517.790   -19.182     0.00    0.00
 202892.966   -19.182     0.00    0.00
 203268.154   -19.182     0.00    0.00
 203643.352   -19.182     0.00    0.00
 204018.560   -19.182     0.00    0.00
 204393.780   -19.182     0.00    0.00
 204769.010   -19.182     0.00    0.00
 205144.250   -19.182     0.00    0.00
 205519.502   -19.182     0.00    0.00
 205894.764   -19.182     0.00    0.00
 206270.037   -19.182     0.00    0.00
 206645.320   -19.182     0.00    0.00
 207020.614   -19.182     0.00    0.00
 207395.919   -19.182     0.00    0.00
 207771.234   -19.182     0.00    0.00
 208146.560   -19.182     0.00    0.00
 208521.897   -19.182     0.00    0.00
 208897.244   -19.182     0.00    0.00
 209272.603   -19.182     0.00    0.00
 209647.971   -19.182     0.00    0.00
 210023.351   -19.182     0.00    0.00
 210398.741   -19.182     0.00    0.00
 210774.142   -19.182     0.00    0.00
 211149.554   -19.182     0.00    0.00
 211524.976   -19.182     0.00    0.00
 211900.410   -19.182     0.00    0.00
 212275.853   -19.182     0.00    0.00
 212651.308   -19.182     0.00    0.00
 213026.773   -19.182     0.00    0.00
 213402.249   -19.182     0.00    0.00
 213777.736   -19.182     0.00    0.00
 214153.233   -19.182     0.00    0.00
 214528.742   -19.182     0.00    0.00
 214904.261   -19.182     0.00    0.00
 215279.790   -19.182     0.00    0.00
 215655.331   -19.182     0.00    0.00
 216030.882   -19.182     0.00    0.00
 216406.444   -19.182     0.00    0.00
 216782.016   -19.182     0.00    0.00
 217157.600   -19.182     0.00    0.00
 217533.194   -19.182     0.00    0.00
 217908.799   -19.182     0.00    0.00
 218284.415   -19.182     0.00    0.00
 218660.041   -19.182     0.00    0.00
 219035.678   -19.182     0.00    0.00
 219411.326   -19.182     0.00    0.00
 219786.985   -19.182     0.00    0.00
 220162.655   -19.182     0.00    0.00
 220538.335   -19.182     0.00    0.00
 220914.026   -19.182     0.00    0.00
 221289.728   -19.182     0.00    0.00
 221665.441   -19.182     0.00    0.00
 222041.164   -19.182     0.00    0.00
 222416.898   -19.182     0.00    0.00
 222792.643   -19.182     0.00    0.00
 223168.399   -19.182     0.00    0.00
 223544.166   -19.182     0.00    0.00
 223919.943   -19.182     0.00    0.00
 224295.731   -19.182     0.00    0.00
 224671.531   -19.182     0.00    0.00
 225047.340   -19.182     0.00    0.00
 225423.161   -19.182     0.00    0.00
 225798.993   -19.182     0.00    0.00
 226174.835   -19.182     0.00    0.00
 226550.688   -19.182     0.00    0.00
 226926.552   -19.182     0.00    0.00
 227302.427   -19.182     0.00    0.00
 227678.312   -19.182     0.00    0.00
 228054.209   -19.182     0.00    0.00
 228430.116   -19.182     0.00    0.00
 228806.034   -19.182     0.00    0.00
 229181.963   -19.182     0.00    0.00
 229557.903   -19.182     0.00    0.00
 229933.853   -19.182     0.00    0.00
 230309.815   -19.182     0.00    0.00
 230685.787   -19.182     0.00    0.00
 231061.770   -19.182     0.00    0.00
 231437.764   -19.182     0.00    0.00
 231813.769   -19.182     0.00    0.00
 232189.785   -19.182     0.00    0.00
 232565.812   -19.182     0.00    0.00
 232941.849   -19.182     0.00    0.00
 233317.898   -19.182     0.00    0.00
 233693.957   -19.182     0.00    0.00
 234070.027   -19.182     0.00    0.00
 234446.108   -19.182     0.00    0.00
 234822.200   -19.182     0.00    0.00
 235198.303   -19.182     0.00    0.00
 235574.416   -19.182     0.00    0.00
 235950.541   -19.182     0.00    0.00
 236326.676   -19.182     0.00    0.00
 236702.823   -19.182     0.00    0.00
 237078.980   -19.182     0.00    0.00
 237455.148   -19.182     0.00    0.00
 237831.327   -19.182     0.00    0.00
 238207.517   -19.182     0.00    0.00
 238583.718   -19.182     0.00    0.00
 238959.929   -19.182     0.00    0.00
 239336.152   -19.182     0.00    0.00
 239712.386   -19.182     0.00    0.00
 240088.630   -19.182     0.00    0.00
 240464.886   -19.182     0.00    0.00
 240841.152   -19.182     0.00    0.00
 241217.429   -19.182     0.00    0.00
 241593.717   -19.182     0.00    0.00
 241970.016   -19.182     0.00    0.00
 242346.327   -19.182     0.00    0.00
 242722.648   -19.182     0.00    0.00
 243098.980   -19.182     0.00    0.00
 243475.322   -19.182     0.00    0.00
 243851.676   -19.182     0.00    0.00
 244228.041   -19.182     0.00    0.00
 244604.417   -19.182     0.00    0.00
 244980.803   -19.182     0.00    0.00
 245357.201   -19.182     0.00    0.00
 245733.610   -19.182     0.00    0.00
 246110.029   -19.182     0.00    0.00
 246486.460   -19.182     0.00    0.00
 246862.901   -19.182     0.00    0.00
 247239.354   -19.182     0.00    0.00
 247615.817   -19.182     0.00    0.00
 247992.292   -19.182     0.00    0.00
 248368.777   -19.182     0.00    0.00
 248745.274   -19.182     0.00    0.00
 249121.781   -19.182     0.00    0.00
 249498.299   -19.182     0.00    0.00
 249874.829   -19.182     0.00    0.00
 250251.369   -19.182     0.00    0.00
 250627.920   -19.182     0.00    0.00
 251004.483   -19.182     0.00    0.00
 251381.056   -19.182     0.00    0.00
 251757.641   -19.182     0.00    0.00
 252134.236   -19.182     0.00    0.00
 252510.842   -19.182     0.00    0.00
 252887.460   -19.182     0.00    0.00
 253264.088   -19.182     0.00    0.00
 253640.727   -19.182     0.00    0.00
 254017.378   -19.182     0.00    0.00
 254394.039   -19.182     0.00    0.00
 254770.712   -19.182     0.00    0.00
 255147.395   -19.182     0.00    0.00
 255524.090   -19.182     0.00    0.00
 255900.796   -19.182     0.00    0.00
 256277.512   -19.182     0.00    0.00
 256654.240   -19.182     0.00    0.00
 257030.979   -19.182     0.00    0.00
 257407.728   -19.182     0.00    0.00
 257784.489   -19.182     0.00    0.00
 258161.261   -19.182     0.00    0.00
 258538.044   -19.182     0.00    0.00
 258912.876   -19.182     0.00    0.00
 259287.478   -19.182     0.00    0.00
 259662.090   -19.182     0.00    0.00
 260036.713   -19.182     0.00    0.00
 260411.348   -19.182     0.00    0.00
 260785.993   -19.182     0.00    0.00
 261160.649   -19.182     0.00    0.00
 261535.316   -19.182     0.00    0.00
 261909.994   -19.182     0.00    0.00
 262284.683   -19.182     0.00    0.00
 262659.382   -19.182     0.00    0.00
 263034.093   -19.182     0.00    0.00
 263408.815   -19.182     0.00    0.00
 263783.548   -19.182     0.00    0.00
 264158.291   -19.182     0.00    0.00
 264533.046   -19.182     0.00    0.00
 264907.812   -19.182     0.00    0.00
 265282.588   -19.182     0.00    0.00
 265657.376   -19.182     0.00    0.00
 266032.174   -19.182     0.00    0.00
 266406.984   -19.182     0.00    0.00
 266781.804   -19.182     0.00    0.00
 267156.635   -19.182     0.00    0.00
 267531.478   -19.182     0.00    0.00
 267906.331   -19.182     0.00    0.00
 268281.196   -19.182     0.00    0.00
 268656.071   -19.182     0.00    0.00
 269030.957   -19.182     0.00    0.00
 269405.855   -19.182     0.00    0.00
 269780.763   -19.182     0.00    0.00
 270155.683   -19.182     0.00    0.00
 270530.613   -19.182     0.00    0.00
 270905.554   -19.182     0.00    0.00
 271280.507   -19.182     0.00    0.00
 271655.470   -19.182     0.00    0.00
 272030.445   -19.182     0.00    0.00
 272405.430   -19.182     0.00    0.00
 272780.427   -19.182     0.00    0.00
 273155.434   -19.182     0.00    0.00
 273530.453   -19.182     0.00    0.00
 273905.482   -19.182     0.00    0.00
 274280.523   -19.182     0.00    0.00
 274655.574   -19.182     0.00    0.00
 275030.637   -19.182     0.00    0.00
 275405.711   -19.182     0.00    0.00
 275780.795   -19.182     0.00    0.00
 276155.891   -19.182     0.00    0.00
 276530.998   -19.182     0.00    0.00
 276906.116   -19.182     0.00    0.00
 277281.245   -19.182     0.00    0.00
 277656.385   -19.182     0.00    0.00
 278031.536   -19.182     0.00    0.00
 278406.698   -19.182     0.00    0.00
 278781.871   -19.182     0.00    0.00
 279157.056   -19.182     0.00    0.00
 279532.251   -19.182     0.00    0.00
 279907.457   -19.182     0.00    0.00
 280282.675   -19.182     0.00    0.00
 280657.904   -19.182     0.00    0.00
 281033.143   -19.182     0.00    0.00
 281408.394   -19.182     0.00    0.00
 281783.656   -19.182     0.00    0.00
 282158.929   -19.182     0.00    0.00
 282534.213   -19.182     0.00    0.00
 282909.508   -19.182     0.00    0.00
 283284.814   -19.182     0.00    0.00
 283660.131   -19.182     0.00    0.00
 284035.460   -19.182     0.00    0.00
 284410.799   -19.182     0.00    0.00
 284786.150   -19.182     0.00    0.00
 285161.512   -19.182     0.00    0.00
 285536.885   -19.182     0.00    0.00
 285912.269   -19.182     0.00    0.00
 286287.664   -19.182     0.00    0.00
 286663.070   -19.182     0.00    0.00
 287038.487   -19.182     0.00    0.00
 287413.916   -19.182     0.00    0.00
 287789.356   -19.182     0.00    0.00
 288164.806   -19.182     0.00    0.00
 288540.268   -19.182     0.00    0.00
 288915.741   -19.182     0.00    0.00
 289291.226   -19.182     0.00    0.00
 289666.721   -19.182     0.00    0.00
 290042.227   -19.182     0.00    0.00
 290417.745   -19.182     0.00    0.00
 290793.274   -19.182     0.00    0.00
 291168.814   -19.182     0.00    0.00
 291544.365   -19.182     0.00    0.00
 291919.927   -19.182     0.00    0.00
 292295.501   -19.182     0.00    0.00
 292671.085   -19.182     0.00    0.00
 293046.681   -19.182     0.00    0.00
 293422.288   -19.182     0.00    0.00
 293797.906   -19.182     0.00    0.00
 294173.535   -19.182     0.00    0.00
 294549.176   -19.182     0.00    0.00
 294924.828   -19.182     0.00    0.00
 295300.491   -19.182     0.00    0.00
 295676.165   -19.182     0.00    0.00
 296051.850   -19.182     0.00    0.00
 296427.546   -19.182     0.00    0.00
 296803.254   -19.182     0.00    0.00
 297178.973   -19.182     0.00    0.00
 297554.703   -19.182     0.00    0.00
 297930.444   -19.182     0.00    0.00
 298306.197   -19.182     0.00    0.00
 298681.960   -19.182     0.00    0.00
 299057.735   -19.182     0.00    0.00
 299433.522   -19.182     0.00    0.00
 299809.319   -19.182     0.00    0.00
 300185.127   -19.182     0.00    0.00
 300560.947   -19.182     0.00    0.00
 300936.778   -19.182     0.00    0.00
 301312.621   -19.182     0.00    0.00
 301688.474   -19.182     0.00    0.00
 302064.339   -19.182     0.00    0.00
 302440.215   -19.182     0.00    0.00
 302816.102   -19.182     0.00    0.00
 303192.001   -19.182     0.00    0.00
 303567.910   -19.182     0.00    0.00
 303943.831   -19.182     0.00    0.00
 304319.764   -18.991     0.51    0.86
 304695.707   -18.208     2.08    2.10
 305071.662   -17.060     3.05    2.77
 305447.628   -15.657     3.73    2.80
 305823.605   -14.645     2.69    2.18
 306199.594   -14.307     0.90    1.73
 306575.594   -14.310    -0.01    1.66
 306951.605   -14.807    -1.32    1.73
 307327.627   -15.396    -1.57    1.83
 307703.661   -15.282     0.30    1.72
 308079.706   -15.499    -0.58    1.72
 308455.762   -14.882     1.64    1.74
 308831.830   -14.482     1.06    1.51
 309207.908   -14.787    -0.81    1.75
 309583.999   -14.914    -0.34    1.72
 309960.100   -15.157    -0.65    1.78
 310336.213   -15.382    -0.60    1.79
 310712.337   -15.407    -0.07    1.70
 311088.472   -15.524    -0.31    1.51
 311464.619   -15.468     0.15    1.64
 311840.777   -15.310     0.42    1.73
 312216.946   -15.582    -0.72    1.77
 312593.127   -15.532     0.13    1.49
 312969.319   -15.413     0.32    0.90
 313345.522   -15.159     0.67    1.00
 313721.736   -14.823     0.89    0.99
 314097.962   -14.682     0.37    1.22
 314474.200   -14.257     1.13    1.27
 314850.448   -14.307    -0.13    1.34
 315226.708   -14.087     0.59    1.38
 315602.979   -14.077     0.03    1.45
 315979.262   -14.157    -0.21    1.37
 316355.556   -14.207    -0.13    1.25
 316731.861   -14.304    -0.26    1.10
 317108.178   -14.499    -0.52    1.17
 317484.506   -14.643    -0.38    1.05
 317860.845   -14.720    -0.20    1.07
 318237.196   -14.407     0.83    1.23
 318613.558   -14.634    -0.60    1.53
 318989.931   -14.732    -0.26    1.63
 319366.316   -14.729     0.01    1.60
 319742.712   -15.028    -0.79    1.44
 320119.120   -15.156    -0.34    1.20
 320495.539   -15.057     0.26    1.45
 320871.969   -15.157    -0.27    1.51
 321248.411   -15.482    -0.86    1.54
 321624.864   -15.694    -0.56    1.76
 322001.328   -16.208    -1.37    1.67
 322377.804   -16.944    -1.95    1.79
 322754.291   -17.695    -1.99    1.88
 323130.790   -18.426    -1.94    1.39
 323507.300   -19.057    -1.68    0.56
 323883.821   -19.182    -0.33    0.00
 324260.354   -19.182     0.00    0.00
 324636.899   -19.028     0.41    0.81
 325013.454   -18.670     0.95    1.55
 325390.021   -18.582     0.23    1.58
 325766.600   -18.807    -0.60    1.29
 326143.190   -19.114    -0.81    0.45
 326519.791   -19.129    -0.04    0.32
 326896.404   -19.132    -0.01    0.32
 327273.028   -19.057     0.20    0.56
 327649.664   -18.792     0.70    1.12
 328026.311   -18.856    -0.17    1.06
 328402.969   -18.761     0.25    1.15
 328779.639   -18.582     0.48    1.53
 329156.321   -18.332     0.66    2.01
 329533.014   -18.035     0.79    2.28
 329909.718   -17.889     0.39    2.38
 330286.434   -17.951    -0.16    2.15
 330663.161   -17.336     1.63    2.44
 331039.899   -15.657     4.46    2.71
 331416.650   -14.634     2.71    2.21
 331793.411   -13.907     1.93    1.54
 332170.184   -13.596     0.82    1.47
 332546.969   -13.464     0.35    1.47
 332923.765   -13.366     0.26    1.63
 333300.572   -13.057     0.82    1.56
 333676.637   -13.182    -0.33    1.63
 334051.189   -12.962     0.59    1.54
 334425.752   -12.865     0.26    1.44
 334800.327   -12.951    -0.23    1.44
 335174.913   -12.645     0.82    1.36
 335549.511   -12.720    -0.20    1.29
 335924.120   -12.277     1.18    1.28
 336298.740   -12.109     0.45    1.57
 336673.372   -12.105     0.01    1.55
 337048.014   -11.968     0.37    1.62
 337422.669   -11.892     0.20    1.59
 337797.334   -11.444     1.20    1.73
 338172.011   -11.394     0.13    1.56
