#  111.777  -6.536  16.321 ;Mean Elev.(m), Avg Gradient(m/km), RMS Gradient(m/km) - SRTM1     
#  119.166  -6.422  15.803 ;Mean Elev.(m), Avg Gradient(m/km), RMS Gradient(m/km) - ASTER GDEM
#  112.270  -6.486  16.487 ;Mean Elev.(m), Avg Gradient(m/km), RMS Gradient(m/km) - GMTED2010 
 11   113.428 52592.31574620 29.74  33.830966 -16.429732 13.245
 11   112.793 52592.31574685 40.13  33.830196 -16.433032 13.245
 11   108.883 52592.31574749 44.63  33.829426 -16.436332 13.245
 12   112.893 52627.31566700 14.13  33.838272 -16.447824  6.794
 12   110.953 52627.31566765 23.44  33.837502 -16.451114  6.794
 13   111.218 52662.31570978 41.80  33.833871 -16.432987 17.308
 13   111.534 52662.31571042 41.56  33.833101 -16.436287 17.308
 13   112.140 52662.31571107 39.83  33.832331 -16.439577 17.308
 13   111.346 52662.31571171 39.02  33.831561 -16.442877 17.308
 13   111.059 52662.31571236 33.19  33.830791 -16.446177 17.308
 15   110.252 52732.31571150 34.85  33.840652 -16.442325  7.999
 15   110.052 52732.31571214 35.70  33.839892 -16.445615  7.999
 15   109.848 52732.31571279 37.03  33.839122 -16.448915  7.999
 15   109.674 52732.31571343 38.19  33.838352 -16.452215  7.999
 23   110.115 53012.31580710 28.29  33.832559 -16.431707 10.523
 23   111.468 53012.31580775 23.50  33.831789 -16.435007 10.523
 25   111.432 53082.31580850 41.24  33.830508 -16.426385 13.473
 25   111.428 53082.31580915 41.67  33.829738 -16.429675 13.473
 27   111.045 53152.31582792 20.25  33.830632 -16.427408 11.694
 27   111.083 53152.31582857 20.22  33.829862 -16.430698 11.694
 27   111.563 53152.31582921 16.81  33.829092 -16.433998 11.694
 28   169.813 53187.31581807  0.47  33.839752 -16.443895  3.921
 28   145.856 53187.31581871  2.23  33.838982 -16.447185  3.921
 28   137.301 53187.31581936  6.76  33.838212 -16.450485  3.921
 28   130.622 53187.31582000 11.38  33.837442 -16.453785  3.921
 29   113.501 53222.31584038 12.86  33.834838 -16.443358  9.658
 29   112.514 53222.31584102 20.82  33.834068 -16.446658  9.658
 29   111.252 53222.31584167 29.95  33.833298 -16.449958  9.658
 31   110.366 53292.31583128 30.60  33.827151 -16.427705  8.528
 31   112.277 53292.31583193 35.48  33.826391 -16.431005  8.528
 33   143.686 53362.31576398  4.51  33.837519 -16.445166  4.772
 33   145.940 53362.31576462  3.03  33.836749 -16.448466  4.772
 33   131.647 53362.31576527 10.33  33.835979 -16.451756  4.772
 35   109.300 53432.31577707 35.88  33.835621 -16.447378  8.639
 35   109.074 53432.31577772 37.71  33.834851 -16.450668  8.639
 36   110.520 53467.31580993 26.72  33.832612 -16.435176  8.522
 36   111.070 53467.31581058 26.71  33.831842 -16.438476  8.522
 43   111.530 53712.31575739 35.72  33.839042 -16.438224 10.120
 43   111.378 53712.31575803 39.32  33.838272 -16.441524 10.120
 43   111.451 53712.31575868 38.24  33.837509 -16.444821  8.723
 43   112.468 53712.31575932 36.41  33.836739 -16.448121  8.723
 43   112.453 53712.31575997 37.57  33.835969 -16.451411  8.723
 46   111.959 53817.31566624 17.76  33.838983 -16.440379  8.098
 46   111.384 53817.31566688 17.90  33.838213 -16.443679  8.098
 47   110.908 53852.31573690 16.44  33.830979 -16.427591  9.755
 47   111.012 53852.31573755 17.78  33.830209 -16.430891  9.755
 47   111.203 53852.31573819 20.69  33.829439 -16.434191  9.755
 48   112.517 53887.31574537 15.63  33.841281 -16.443385 14.608
 48   112.492 53887.31574602 25.06  33.840511 -16.446685 14.608
 48   111.462 53887.31574666 33.46  33.839741 -16.449975 14.608
 48   110.769 53887.31574731 38.83  33.838981 -16.453275 14.608
 48   109.471 53887.31574795 39.49  33.838211 -16.456575 14.608
 49   113.245 53922.31581323 25.16  33.827660 -16.423343  9.859
 49   114.161 53922.31581388 34.12  33.826890 -16.426643  9.859
 49   111.031 53922.31581452 40.77  33.826120 -16.429933  9.859
 50   112.207 53957.31580984 10.30  33.828011 -16.431448  5.872
 50   112.406 53957.31581049  9.76  33.827241 -16.434748  5.872
 58   113.143 54237.31575261 15.02  33.834343 -16.440651  8.201
 58   108.925 54237.31575325 22.66  33.833573 -16.443941  8.201
 58   111.386 54237.31575390 32.70  33.832803 -16.447241  8.201
 59   109.492 54272.31577209 47.42  33.835034 -16.438416 18.378
 59   109.285 54272.31577274 46.13  33.834264 -16.441716 18.378
 59   109.306 54272.31577338 47.81  33.833494 -16.445016 18.378
 59   109.225 54272.31577403 39.45  33.832724 -16.448316 18.378
 60   112.463 54307.31577349 39.73  33.835435 -16.434049 10.561
 60   113.498 54307.31577414 37.31  33.834665 -16.437339 10.561
 60   112.770 54307.31577478 37.63  33.833895 -16.440639 10.561
 60   113.765 54307.31577543 36.40  33.833125 -16.443939 10.561
 60   112.697 54307.31577607 35.05  33.832355 -16.447229 10.561
 61   144.242 54342.31575552  3.46  33.834797 -16.446067  3.332
 61   144.382 54342.31575617  2.22  33.834027 -16.449367  3.332
 63   146.280 54412.31570254  2.93  33.832960 -16.443112  3.284
 63   132.980 54412.31570319 11.32  33.832190 -16.446402  3.284
 71   112.826 54692.31569542 12.99  33.834319 -16.440515  9.542
 71   113.125 54692.31569607 20.77  33.833549 -16.443815  9.542
 71   111.640 54692.31569671 29.94  33.832779 -16.447105  9.542
 73   111.605 54762.31567213 18.25  33.834328 -16.433661  9.954
 73   111.673 54762.31567278 19.81  33.833558 -16.436961  9.954
 73   111.021 54762.31567342 18.60  33.832788 -16.440251  9.954
 73   111.292 54762.31567407 15.63  33.832018 -16.443551  9.954
 73   111.643 54762.31567471  9.54  33.831258 -16.446851  9.954
 76   113.411 54867.31565292 34.25  33.834847 -16.431731 11.784
 76   114.993 54867.31565356 36.40  33.834077 -16.435031 11.784
 76   114.273 54867.31565421 37.17  33.833317 -16.438321 11.784
 76   114.475 54867.31565485 38.36  33.832547 -16.441621 11.784
 76   114.883 54867.31565550 33.86  33.831777 -16.444921 11.784
 77   111.731 54902.31567148 34.97  33.834055 -16.433355 17.686
 77   111.533 54902.31567212 36.78  33.833285 -16.436645 17.686
 77   111.942 54902.31567277 36.61  33.832515 -16.439945 17.686
 77   111.675 54902.31567341 40.98  33.831755 -16.443245 17.686
 77   111.543 54902.31567406 34.38  33.830985 -16.446535 17.686
 79   114.135 54972.31567553 11.31  33.834934 -16.433951 10.153
 79   113.818 54972.31567618 14.89  33.834164 -16.437241 10.153
 79   113.897 54972.31567682 17.83  33.833404 -16.440541 10.153
 79   112.893 54972.31567747 17.90  33.832634 -16.443841 10.153
 79   113.757 54972.31567811 15.65  33.831864 -16.447131 10.153
 81   143.663 55042.31568357  4.29  33.833123 -16.445599  3.757
 81   142.365 55042.31568422  2.90  33.832353 -16.448889  3.757
 85   113.068 55182.31559406 37.72  33.833586 -16.434346 14.522
 85   113.506 55182.31559471 38.45  33.832816 -16.437646 14.522
 85   114.145 55182.31559535 38.24  33.832056 -16.440936 14.522
 85   112.968 55182.31559600 36.83  33.831286 -16.444236 14.522
 90   114.156 55357.31558070 13.87  33.832255 -16.442901  7.585
 90   113.984 55357.31558134 20.50  33.831495 -16.446201  7.585
 92   148.312 55427.31559701  1.33  33.833091 -16.445907  3.859
 92   145.394 55427.31559765  2.63  33.832331 -16.449207  3.859
 93   143.336 55462.31556257  6.14  33.835537 -16.444650  4.499
 93   146.127 55462.31556321  4.30  33.834767 -16.447950  4.499
