#    3.375  -0.233   1.163 ;Mean Elev.(m), Avg Gradient(m/km), RMS Gradient(m/km) - SRTM1     
#   12.299   0.114   1.646 ;Mean Elev.(m), Avg Gradient(m/km), RMS Gradient(m/km) - ASTER GDEM
#    3.796  -0.240   1.329 ;Mean Elev.(m), Avg Gradient(m/km), RMS Gradient(m/km) - GMTED2010 
  8  36.205482 -18.559246     3.107     3.304  3 52481.30817854 37.519
  9  36.214384 -18.561879     2.091     2.096  3 52516.30813091 29.430
 11  36.215923 -18.563883     2.651     2.651  2 52586.30815241 24.621
 12  36.208786 -18.561904     1.655     1.494  3 52621.30812920 51.158
 15  36.209917 -18.562020     2.362     2.384  3 52726.30815979 50.625
 17  36.212699 -18.563863     2.574     2.574  2 52796.30813451 50.380
 20  36.208101 -18.562723     1.743     1.751  4 52901.30827290 33.235
 21  36.209240 -18.561289     2.204     2.210  4 52936.30821363 22.879
 22  36.207086 -18.559796     3.167     3.216  4 52971.30823823 33.739
 23  36.203588 -18.559123     2.392     2.590  3 53006.30825143 43.438
 24  36.204132 -18.559715     3.033     3.033  3 53041.30820389 39.244
 25  36.205661 -18.560421     3.463     3.498  3 53076.30823686 40.009
 27  36.205606 -18.559644     2.524     2.467  3 53146.30824935 23.899
 28  36.213051 -18.561852     2.283     2.313  3 53181.30825682 52.466
 29  36.207266 -18.561629     2.007     1.999  4 53216.30827989 44.347
 30  36.206987 -18.561745     2.758     2.745  4 53251.30825838 23.173
 32  36.216058 -18.566798     2.415     2.337  3 53321.30822894 25.520
 33  36.216347 -18.563588     2.734     2.734  2 53356.30819744 30.618
 34  36.206306 -18.559496     2.696     2.695  4 53391.30820973 49.379
 36  36.211327 -18.563212     2.466     2.466  2 53461.30821779 51.704
 39  36.204225 -18.557928     2.240     2.208  3 53566.30829935 45.752
 40  36.212388 -18.562076     2.077     2.030  3 53601.30824333 23.315
 41  36.204409 -18.558072     2.782     2.839  3 53636.30824010 22.465
 43  36.216343 -18.565010     2.448     2.448  2 53706.30819442 45.080
 44  36.215836 -18.563636     2.837     2.837  2 53741.30810720 45.480
 45  36.213845 -18.561683     2.516     2.442  3 53776.30812987 34.410
 46  36.213896 -18.563451     4.090     4.090  2 53811.30810956 42.987
 47  36.205052 -18.560406     2.975     2.983  3 53846.30815781 53.507
 48  36.212358 -18.563659     2.359     2.359  2 53881.30818194 37.476
 49  36.202946 -18.555437     2.700     2.700  2 53916.30824007 25.561
 52  36.208253 -18.562826     2.432     2.421  4 54021.30822511 24.183
 53  36.215614 -18.566425     2.119     2.150  3 54056.30821761 35.243
 54  36.211638 -18.561370     2.788     2.776  3 54091.30820153 25.586
 55  36.208022 -18.563059     3.427     3.421  4 54126.30813281 31.629
 56  36.208166 -18.562020     3.899     3.905  4 54161.30816998 41.948
 57  36.208071 -18.561661     3.174     3.180  4 54196.30813464 51.309
 58  36.209514 -18.560866     2.265     2.053  4 54231.30818176 17.337
 59  36.210022 -18.561876     2.650     2.413  3 54266.30819987 49.503
 60  36.210742 -18.561478     2.961     3.009  3 54301.30820469 48.837
 61  36.210750 -18.562360     2.313     2.313  2 54336.30819242 36.687
 62  36.209426 -18.561095     3.153     3.133  3 54371.30813691 28.145
 63  36.208941 -18.562619     2.740     2.441  3 54406.30813757 50.178
 64  36.208103 -18.561531     2.251     2.272  4 54441.30809546 21.641
 65  36.210424 -18.562069     4.613     4.613  2 54476.30812528 37.461
 67  36.210386 -18.560986     3.104     3.079  3 54546.30813892 26.333
 68  36.210750 -18.561725     2.774     2.755  3 54581.30810647 21.587
 69  36.210833 -18.561112     2.124     2.143  3 54616.30812840 50.681
 70  36.207681 -18.561033     3.052     3.157  4 54651.30814121 42.936
 71  36.209931 -18.562861     3.083     3.083  2 54686.30813352 50.864
 72  36.208686 -18.561380     2.073     2.047  4 54721.30808652 19.793
 73  36.208907 -18.561657     2.851     2.863  4 54756.30810890 23.942
 74  36.206598 -18.560456     2.044     2.016  3 54791.30807995 20.198
 75  36.209381 -18.561138     3.427     3.444  4 54826.30810504 29.328
 77  36.208589 -18.561036     2.640     2.661  4 54896.30810616 28.703
 78  36.207173 -18.561042     3.395     3.399  3 54931.30807024 31.080
 79  36.209027 -18.561866     2.942     2.812  3 54966.30810637 32.130
 80  36.206595 -18.560535     2.139     2.114  3 55001.30812671 33.902
 81  36.210199 -18.563096     3.285     3.285  2 55036.30811246 48.936
 82  36.210241 -18.562872     2.592     2.592  2 55071.30810088 29.985
 83  36.206876 -18.560936     2.107     2.153  3 55106.30804483 20.710
 84  36.208862 -18.561900     3.320     3.168  3 55141.30805092 33.624
 85  36.208543 -18.561832     1.691     1.673  4 55176.30801346 20.328
 86  36.208894 -18.561893     2.976     2.896  3 55211.30804568 49.834
 87  36.207975 -18.561726     2.864     2.868  4 55246.30801827 21.162
 88  36.209220 -18.561897     3.419     3.436  3 55281.30803868 43.324
 89  36.208084 -18.562664     3.687     3.717  4 55316.30800611 30.585
 90  36.209700 -18.562603     3.204     3.207  3 55351.30801129 30.467
 92  36.210018 -18.563273     3.049     3.049  2 55421.30802907 25.692
 93  36.211102 -18.561284     1.735     1.655  3 55456.30800429 19.053
