-324796.558   -12.990     0.00    0.00
-324421.508   -12.990     0.00    0.00
-324046.470   -12.990     0.00    0.00
-323671.443   -12.990     0.00    0.00
-323296.427   -12.990     0.00    0.00
-322921.423   -12.990     0.00    0.00
-322546.430   -12.990     0.00    0.00
-322171.448   -12.990     0.00    0.00
-321796.478   -12.990     0.00    0.00
-321421.519   -12.990     0.00    0.00
-321046.572   -12.990     0.00    0.00
-320671.636   -12.990     0.00    0.00
-320296.711   -12.990     0.00    0.00
-319921.798   -12.990     0.00    0.00
-319546.896   -12.990     0.00    0.00
-319172.005   -12.990     0.00    0.00
-318797.126   -12.990     0.00    0.00
-318422.258   -12.990     0.00    0.00
-318047.402   -12.990     0.00    0.00
-317672.556   -12.990     0.00    0.00
-317297.722   -12.990     0.00    0.00
-316922.900   -12.990     0.00    0.00
-316548.089   -12.990     0.00    0.00
-316173.289   -12.990     0.00    0.00
-315798.500   -12.990     0.00    0.00
-315423.723   -12.990     0.00    0.00
-315048.957   -12.990     0.00    0.00
-314674.202   -12.990     0.00    0.00
-314299.459   -12.990     0.00    0.00
-313924.727   -12.990     0.00    0.00
-313550.007   -12.990     0.00    0.00
-313175.297   -12.990     0.00    0.00
-312800.599   -12.990     0.00    0.00
-312425.912   -12.990     0.00    0.00
-312051.237   -12.990     0.00    0.00
-311676.573   -12.990     0.00    0.00
-311301.920   -12.990     0.00    0.00
-310927.279   -12.990     0.00    0.00
-310552.648   -12.990     0.00    0.00
-310178.029   -12.990     0.00    0.00
-309803.422   -12.990     0.00    0.00
-309428.825   -12.990     0.00    0.00
-309054.240   -12.990     0.00    0.00
-308679.666   -12.990     0.00    0.00
-308303.381   -12.990     0.00    0.00
-307926.557   -12.990     0.00    0.00
-307549.743   -12.990     0.00    0.00
-307172.941   -12.990     0.00    0.00
-306796.151   -12.990     0.00    0.00
-306419.372   -12.990     0.00    0.00
-306042.604   -12.990     0.00    0.00
-305665.848   -12.990     0.00    0.00
-305289.103   -12.990     0.00    0.00
-304912.369   -12.990     0.00    0.00
-304535.647   -12.990     0.00    0.00
-304158.937   -12.990     0.00    0.00
-303782.237   -12.990     0.00    0.00
-303405.549   -12.990     0.00    0.00
-303028.873   -12.990     0.00    0.00
-302652.207   -12.990     0.00    0.00
-302275.554   -12.990     0.00    0.00
-301898.911   -12.990     0.00    0.00
-301522.280   -12.990     0.00    0.00
-301145.660   -12.990     0.00    0.00
-300769.052   -12.990     0.00    0.00
-300392.455   -12.990     0.00    0.00
-300015.869   -12.990     0.00    0.00
-299639.295   -12.990     0.00    0.00
-299262.732   -12.990     0.00    0.00
-298886.180   -12.990     0.00    0.00
-298509.640   -12.990     0.00    0.00
-298133.111   -12.990     0.00    0.00
-297756.593   -12.990     0.00    0.00
-297380.087   -12.990     0.00    0.00
-297003.592   -12.990     0.00    0.00
-296627.109   -12.990     0.00    0.00
-296250.636   -12.990     0.00    0.00
-295874.175   -12.990     0.00    0.00
-295497.726   -12.990     0.00    0.00
-295121.288   -12.990     0.00    0.00
-294744.861   -12.990     0.00    0.00
-294368.445   -12.990     0.00    0.00
-293992.041   -12.990     0.00    0.00
-293615.647   -12.990     0.00    0.00
-293239.266   -12.990     0.00    0.00
-292862.895   -12.990     0.00    0.00
-292486.536   -12.990     0.00    0.00
-292110.188   -12.990     0.00    0.00
-291733.852   -12.990     0.00    0.00
-291357.526   -12.990     0.00    0.00
-290981.212   -12.990     0.00    0.00
-290604.910   -12.990     0.00    0.00
-290228.618   -12.990     0.00    0.00
-289852.338   -12.990     0.00    0.00
-289476.069   -12.990     0.00    0.00
-289099.812   -12.990     0.00    0.00
-288723.565   -12.990     0.00    0.00
-288347.330   -12.990     0.00    0.00
-287971.107   -12.990     0.00    0.00
-287594.894   -12.990     0.00    0.00
-287218.693   -12.990     0.00    0.00
-286842.503   -12.990     0.00    0.00
-286466.324   -12.990     0.00    0.00
-286090.157   -12.990     0.00    0.00
-285714.000   -12.990     0.00    0.00
-285337.855   -12.990     0.00    0.00
-284961.722   -12.990     0.00    0.00
-284585.599   -12.990     0.00    0.00
-284209.488   -12.990     0.00    0.00
-283833.388   -12.990     0.00    0.00
-283457.299   -12.990     0.00    0.00
-283081.221   -12.990     0.00    0.00
-282705.155   -12.990     0.00    0.00
-282329.100   -12.990     0.00    0.00
-281953.056   -12.990     0.00    0.00
-281577.023   -12.990     0.00    0.00
-281201.002   -12.990     0.00    0.00
-280824.991   -12.990     0.00    0.00
-280448.992   -12.990     0.00    0.00
-280073.004   -12.990     0.00    0.00
-279697.028   -12.990     0.00    0.00
-279321.062   -12.990     0.00    0.00
-278945.108   -12.990     0.00    0.00
-278569.165   -12.990     0.00    0.00
-278193.233   -12.990     0.00    0.00
-277817.312   -12.990     0.00    0.00
-277441.403   -12.990     0.00    0.00
-277065.505   -12.990     0.00    0.00
-276689.617   -12.990     0.00    0.00
-276313.741   -12.990     0.00    0.00
-275937.877   -12.990     0.00    0.00
-275562.023   -12.990     0.00    0.00
-275186.181   -12.990     0.00    0.00
-274810.349   -12.990     0.00    0.00
-274434.529   -12.990     0.00    0.00
-274058.720   -12.990     0.00    0.00
-273682.923   -12.990     0.00    0.00
-273307.136   -12.990     0.00    0.00
-272931.360   -12.990     0.00    0.00
-272555.596   -12.990     0.00    0.00
-272179.843   -12.990     0.00    0.00
-271804.101   -12.990     0.00    0.00
-271428.370   -12.990     0.00    0.00
-271052.650   -12.990     0.00    0.00
-270676.942   -12.990     0.00    0.00
-270301.244   -12.990     0.00    0.00
-269925.558   -12.990     0.00    0.00
-269549.883   -12.990     0.00    0.00
-269174.218   -12.990     0.00    0.00
-268798.565   -12.990     0.00    0.00
-268422.924   -12.990     0.00    0.00
-268047.293   -12.990     0.00    0.00
-267671.673   -12.990     0.00    0.00
-267296.065   -12.990     0.00    0.00
-266920.467   -12.990     0.00    0.00
-266544.881   -12.990     0.00    0.00
-266169.306   -12.990     0.00    0.00
-265793.742   -12.990     0.00    0.00
-265418.189   -12.990     0.00    0.00
-265042.647   -12.990     0.00    0.00
-264667.116   -12.990     0.00    0.00
-264291.596   -12.990     0.00    0.00
-263916.088   -12.990     0.00    0.00
-263540.590   -12.990     0.00    0.00
-263165.104   -12.990     0.00    0.00
-262789.628   -12.990     0.00    0.00
-262414.164   -12.990     0.00    0.00
-262038.711   -12.990     0.00    0.00
-261663.268   -12.990     0.00    0.00
-261287.837   -12.990     0.00    0.00
-260912.417   -12.990     0.00    0.00
-260537.008   -12.990     0.00    0.00
-260161.610   -12.990     0.00    0.00
-259786.223   -12.990     0.00    0.00
-259410.848   -12.990     0.00    0.00
-259035.483   -12.990     0.00    0.00
-258660.129   -12.990     0.00    0.00
-258284.786   -12.990     0.00    0.00
-257909.455   -12.990     0.00    0.00
-257534.134   -12.990     0.00    0.00
-257158.825   -12.990     0.00    0.00
-256783.526   -12.990     0.00    0.00
-256408.239   -12.990     0.00    0.00
-256032.962   -12.990     0.00    0.00
-255657.697   -12.990     0.00    0.00
-255282.442   -12.990     0.00    0.00
-254907.199   -12.990     0.00    0.00
-254531.967   -12.990     0.00    0.00
-254156.745   -12.990     0.00    0.00
-253781.535   -12.990     0.00    0.00
-253406.335   -12.990     0.00    0.00
-253031.147   -12.990     0.00    0.00
-252655.970   -12.990     0.00    0.00
-252280.803   -12.990     0.00    0.00
-251905.648   -12.990     0.00    0.00
-251530.504   -12.990     0.00    0.00
-251155.370   -12.990     0.00    0.00
-250780.248   -12.990     0.00    0.00
-250405.137   -12.990     0.00    0.00
-250030.036   -12.990     0.00    0.00
-249654.947   -12.990     0.00    0.00
-249279.869   -12.990     0.00    0.00
-248904.801   -12.990     0.00    0.00
-248529.745   -12.990     0.00    0.00
-248154.699   -12.990     0.00    0.00
-247779.665   -12.990     0.00    0.00
-247404.641   -12.990     0.00    0.00
-247029.628   -12.990     0.00    0.00
-246654.627   -12.990     0.00    0.00
-246279.636   -12.990     0.00    0.00
-245904.656   -12.990     0.00    0.00
-245529.687   -12.990     0.00    0.00
-245154.730   -12.990     0.00    0.00
-244779.783   -12.990     0.00    0.00
-244404.847   -12.990     0.00    0.00
-244029.922   -12.990     0.00    0.00
-243655.008   -12.990     0.00    0.00
-243280.105   -12.990     0.00    0.00
-242905.212   -12.990     0.00    0.00
-242530.331   -12.990     0.00    0.00
-242155.461   -12.990     0.00    0.00
-241780.601   -12.990     0.00    0.00
-241405.753   -12.990     0.00    0.00
-241030.915   -12.990     0.00    0.00
-240656.088   -12.990     0.00    0.00
-240281.273   -12.990     0.00    0.00
-239906.468   -12.990     0.00    0.00
-239531.674   -12.990     0.00    0.00
-239156.891   -12.990     0.00    0.00
-238782.119   -12.990     0.00    0.00
-238407.358   -12.990     0.00    0.00
-238032.607   -12.990     0.00    0.00
-237657.868   -12.990     0.00    0.00
-237283.139   -12.990     0.00    0.00
-236908.422   -12.990     0.00    0.00
-236533.715   -12.990     0.00    0.00
-236159.019   -12.990     0.00    0.00
-235784.334   -12.990     0.00    0.00
-235409.660   -12.990     0.00    0.00
-235034.996   -12.990     0.00    0.00
-234660.344   -12.990     0.00    0.00
-234285.702   -12.990     0.00    0.00
-233911.072   -12.990     0.00    0.00
-233536.032   -12.990     0.00    0.00
-233159.238   -12.990     0.00    0.00
-232782.455   -12.990     0.00    0.00
-232405.683   -12.990     0.00    0.00
-232028.922   -12.990     0.00    0.00
-231652.172   -12.990     0.00    0.00
-231275.433   -12.990     0.00    0.00
-230898.705   -12.990     0.00    0.00
-230521.988   -12.990     0.00    0.00
-230145.282   -12.990     0.00    0.00
-229768.587   -12.990     0.00    0.00
-229391.903   -12.990     0.00    0.00
-229015.229   -12.990     0.00    0.00
-228638.567   -12.990     0.00    0.00
-228261.916   -12.990     0.00    0.00
-227885.275   -12.990     0.00    0.00
-227508.646   -12.990     0.00    0.00
-227132.028   -12.990     0.00    0.00
-226755.420   -12.990     0.00    0.00
-226378.824   -12.990     0.00    0.00
-226002.238   -12.990     0.00    0.00
-225625.663   -12.990     0.00    0.00
-225249.100   -12.990     0.00    0.00
-224872.547   -12.990     0.00    0.00
-224496.005   -12.990     0.00    0.00
-224119.474   -12.990     0.00    0.00
-223742.954   -12.990     0.00    0.00
-223366.445   -12.990     0.00    0.00
-222989.947   -12.990     0.00    0.00
-222613.459   -12.990     0.00    0.00
-222236.983   -12.990     0.00    0.00
-221860.518   -12.990     0.00    0.00
-221484.063   -12.990     0.00    0.00
-221107.620   -12.990     0.00    0.00
-220731.187   -12.990     0.00    0.00
-220354.765   -12.990     0.00    0.00
-219978.354   -12.990     0.00    0.00
-219601.954   -12.990     0.00    0.00
-219225.565   -12.990     0.00    0.00
-218849.187   -12.990     0.00    0.00
-218472.820   -12.990     0.00    0.00
-218096.463   -12.990     0.00    0.00
-217720.118   -12.990     0.00    0.00
-217343.783   -12.990     0.00    0.00
-216967.459   -12.990     0.00    0.00
-216591.146   -12.990     0.00    0.00
-216214.844   -12.990     0.00    0.00
-215838.553   -12.990     0.00    0.00
-215462.273   -12.990     0.00    0.00
-215086.003   -12.990     0.00    0.00
-214709.745   -12.990     0.00    0.00
-214333.497   -12.990     0.00    0.00
-213957.260   -12.990     0.00    0.00
-213581.034   -12.990     0.00    0.00
-213204.819   -12.990     0.00    0.00
-212828.615   -12.990     0.00    0.00
-212452.421   -12.990     0.00    0.00
-212076.239   -12.990     0.00    0.00
-211700.067   -12.990     0.00    0.00
-211323.906   -12.990     0.00    0.00
-210947.756   -12.990     0.00    0.00
-210571.617   -12.990     0.00    0.00
-210195.488   -12.990     0.00    0.00
-209819.370   -12.990     0.00    0.00
-209443.264   -12.990     0.00    0.00
-209067.168   -12.990     0.00    0.00
-208691.082   -12.990     0.00    0.00
-208315.008   -12.990     0.00    0.00
-207938.945   -12.990     0.00    0.00
-207562.892   -12.990     0.00    0.00
-207186.850   -12.990     0.00    0.00
-206810.819   -12.990     0.00    0.00
-206434.798   -12.990     0.00    0.00
-206058.789   -12.990     0.00    0.00
-205682.790   -12.990     0.00    0.00
-205306.802   -12.990     0.00    0.00
-204930.825   -12.990     0.00    0.00
-204554.859   -12.990     0.00    0.00
-204178.903   -12.990     0.00    0.00
-203802.958   -12.990     0.00    0.00
-203427.024   -12.990     0.00    0.00
-203051.101   -12.990     0.00    0.00
-202675.189   -12.990     0.00    0.00
-202299.287   -12.990     0.00    0.00
-201923.396   -12.990     0.00    0.00
-201547.516   -12.990     0.00    0.00
-201171.646   -12.990     0.00    0.00
-200795.788   -12.990     0.00    0.00
-200419.940   -12.990     0.00    0.00
-200044.103   -12.990     0.00    0.00
-199668.276   -12.990     0.00    0.00
-199292.461   -12.990     0.00    0.00
-198916.656   -12.990     0.00    0.00
-198540.862   -12.990     0.00    0.00
-198165.078   -12.990     0.00    0.00
-197789.306   -12.990     0.00    0.00
-197413.544   -12.990     0.00    0.00
-197037.793   -12.990     0.00    0.00
-196662.052   -12.990     0.00    0.00
-196286.323   -12.990     0.00    0.00
-195910.604   -12.990     0.00    0.00
-195534.895   -12.990     0.00    0.00
-195159.198   -12.990     0.00    0.00
-194783.511   -12.990     0.00    0.00
-194407.835   -12.990     0.00    0.00
-194032.169   -12.990     0.00    0.00
-193656.515   -12.990     0.00    0.00
-193280.871   -12.990     0.00    0.00
-192905.237   -12.990     0.00    0.00
-192529.615   -12.990     0.00    0.00
-192154.003   -12.990     0.00    0.00
-191778.402   -12.990     0.00    0.00
-191402.811   -12.990     0.00    0.00
-191027.231   -12.990     0.00    0.00
-190651.662   -12.990     0.00    0.00
-190276.104   -12.990     0.00    0.00
-189900.556   -12.990     0.00    0.00
-189525.019   -12.990     0.00    0.00
-189149.492   -12.990     0.00    0.00
-188773.977   -12.990     0.00    0.00
-188398.472   -12.990     0.00    0.00
-188022.977   -12.990     0.00    0.00
-187647.493   -12.990     0.00    0.00
-187272.020   -12.990     0.00    0.00
-186896.558   -12.990     0.00    0.00
-186521.106   -12.990     0.00    0.00
-186145.665   -12.990     0.00    0.00
-185770.235   -12.990     0.00    0.00
-185394.815   -12.990     0.00    0.00
-185019.406   -12.990     0.00    0.00
-184644.007   -12.990     0.00    0.00
-184268.619   -12.990     0.00    0.00
-183893.242   -12.990     0.00    0.00
-183517.876   -12.990     0.00    0.00
-183142.520   -12.990     0.00    0.00
-182767.174   -12.990     0.00    0.00
-182391.840   -12.990     0.00    0.00
-182016.515   -12.990     0.00    0.00
-181641.202   -12.990     0.00    0.00
-181265.899   -12.990     0.00    0.00
-180890.607   -12.990     0.00    0.00
-180515.325   -12.990     0.00    0.00
-180140.054   -12.990     0.00    0.00
-179764.794   -12.990     0.00    0.00
-179389.544   -12.990     0.00    0.00
-179014.305   -12.990     0.00    0.00
-178639.077   -12.990     0.00    0.00
-178263.859   -12.990     0.00    0.00
-177888.651   -12.990     0.00    0.00
-177513.454   -12.990     0.00    0.00
-177138.268   -12.990     0.00    0.00
-176763.093   -12.990     0.00    0.00
-176387.928   -12.990     0.00    0.00
-176012.773   -12.990     0.00    0.00
-175637.629   -12.990     0.00    0.00
-175262.496   -12.990     0.00    0.00
-174887.373   -12.990     0.00    0.00
-174512.261   -12.990     0.00    0.00
-174137.160   -12.990     0.00    0.00
-173762.069   -12.990     0.00    0.00
-173386.988   -12.990     0.00    0.00
-173011.918   -12.990     0.00    0.00
-172636.859   -12.990     0.00    0.00
-172261.810   -12.990     0.00    0.00
-171886.772   -12.990     0.00    0.00
-171511.744   -12.990     0.00    0.00
-171136.727   -12.990     0.00    0.00
-170761.721   -12.990     0.00    0.00
-170386.725   -12.990     0.00    0.00
-170011.739   -12.990     0.00    0.00
-169636.764   -12.990     0.00    0.00
-169261.800   -12.990     0.00    0.00
-168886.846   -12.990     0.00    0.00
-168511.903   -12.990     0.00    0.00
-168136.970   -12.990     0.00    0.00
-167762.048   -12.990     0.00    0.00
-167387.136   -12.990     0.00    0.00
-167012.235   -12.990     0.00    0.00
-166637.344   -12.990     0.00    0.00
-166262.464   -12.990     0.00    0.00
-165887.594   -12.990     0.00    0.00
-165512.735   -12.990     0.00    0.00
-165137.886   -12.990     0.00    0.00
-164763.048   -12.990     0.00    0.00
-164388.220   -12.990     0.00    0.00
-164013.403   -12.990     0.00    0.00
-163638.596   -12.990     0.00    0.00
-163263.800   -12.990     0.00    0.00
-162889.014   -12.990     0.00    0.00
-162514.239   -12.990     0.00    0.00
-162139.474   -12.990     0.00    0.00
-161764.720   -12.990     0.00    0.00
-161389.976   -12.990     0.00    0.00
-161015.243   -12.990     0.00    0.00
-160640.520   -12.990     0.00    0.00
-160265.808   -12.990     0.00    0.00
-159891.106   -12.990     0.00    0.00
-159516.414   -12.990     0.00    0.00
-159141.733   -12.990     0.00    0.00
-158767.063   -12.990     0.00    0.00
-158391.089   -12.990     0.00    0.00
-158014.330   -12.990     0.00    0.00
-157637.582   -12.990     0.00    0.00
-157260.845   -12.990     0.00    0.00
-156884.118   -12.990     0.00    0.00
-156507.401   -12.990     0.00    0.00
-156130.695   -12.990     0.00    0.00
-155754.000   -12.990     0.00    0.00
-155377.315   -12.990     0.00    0.00
-155000.641   -12.990     0.00    0.00
-154623.977   -12.990     0.00    0.00
-154247.324   -12.990     0.00    0.00
-153870.682   -12.990     0.00    0.00
-153494.050   -12.990     0.00    0.00
-153117.428   -12.990     0.00    0.00
-152740.817   -12.990     0.00    0.00
-152364.217   -12.990     0.00    0.00
-151987.627   -12.990     0.00    0.00
-151611.048   -12.990     0.00    0.00
-151234.479   -12.990     0.00    0.00
-150857.921   -12.990     0.00    0.00
-150481.373   -12.990     0.00    0.00
-150104.836   -12.990     0.00    0.00
-149728.309   -12.990     0.00    0.00
-149351.793   -12.990     0.00    0.00
-148975.287   -12.990     0.00    0.00
-148598.792   -12.990     0.00    0.00
-148222.308   -12.990     0.00    0.00
-147845.834   -12.990     0.00    0.00
-147469.370   -12.990     0.00    0.00
-147092.917   -12.990     0.00    0.00
-146716.474   -12.990     0.00    0.00
-146340.042   -12.990     0.00    0.00
-145963.621   -12.990     0.00    0.00
-145587.210   -12.990     0.00    0.00
-145210.809   -12.990     0.00    0.00
-144834.419   -12.990     0.00    0.00
-144458.039   -12.990     0.00    0.00
-144081.670   -12.990     0.00    0.00
-143705.311   -12.990     0.00    0.00
-143328.963   -12.990     0.00    0.00
-142952.625   -12.990     0.00    0.00
-142576.298   -12.990     0.00    0.00
-142199.981   -12.990     0.00    0.00
-141823.675   -12.990     0.00    0.00
-141447.379   -12.990     0.00    0.00
-141071.094   -12.990     0.00    0.00
-140694.819   -12.990     0.00    0.00
-140318.554   -12.990     0.00    0.00
-139942.300   -12.990     0.00    0.00
-139566.056   -12.990     0.00    0.00
-139189.823   -12.990     0.00    0.00
-138813.601   -12.990     0.00    0.00
-138437.388   -12.990     0.00    0.00
-138061.186   -12.990     0.00    0.00
-137684.995   -12.990     0.00    0.00
-137308.814   -12.990     0.00    0.00
-136932.644   -12.990     0.00    0.00
-136556.483   -12.990     0.00    0.00
-136180.334   -12.990     0.00    0.00
-135804.194   -12.990     0.00    0.00
-135428.066   -12.990     0.00    0.00
-135051.947   -12.990     0.00    0.00
-134675.839   -12.990     0.00    0.00
-134299.742   -12.990     0.00    0.00
-133923.654   -12.990     0.00    0.00
-133547.578   -12.990     0.00    0.00
-133171.511   -12.990     0.00    0.00
-132795.455   -12.990     0.00    0.00
-132419.410   -12.990     0.00    0.00
-132043.374   -12.990     0.00    0.00
-131667.350   -12.990     0.00    0.00
-131291.335   -12.990     0.00    0.00
-130915.331   -12.990     0.00    0.00
-130539.338   -12.990     0.00    0.00
-130163.354   -12.990     0.00    0.00
-129787.381   -12.990     0.00    0.00
-129411.419   -12.990     0.00    0.00
-129035.467   -12.990     0.00    0.00
-128659.525   -12.990     0.00    0.00
-128283.594   -12.990     0.00    0.00
-127907.673   -12.990     0.00    0.00
-127531.762   -12.990     0.00    0.00
-127155.862   -12.990     0.00    0.00
-126779.972   -12.990     0.00    0.00
-126404.092   -12.990     0.00    0.00
-126028.223   -12.990     0.00    0.00
-125652.364   -12.990     0.00    0.00
-125276.516   -12.990     0.00    0.00
-124900.677   -12.990     0.00    0.00
-124524.850   -12.990     0.00    0.00
-124149.032   -12.990     0.00    0.00
-123773.225   -12.990     0.00    0.00
-123397.428   -12.990     0.00    0.00
-123021.642   -12.990     0.00    0.00
-122645.866   -12.990     0.00    0.00
-122270.100   -12.990     0.00    0.00
-121894.344   -12.990     0.00    0.00
-121518.599   -12.990     0.00    0.00
-121142.864   -12.990     0.00    0.00
-120767.140   -12.990     0.00    0.00
-120391.425   -12.990     0.00    0.00
-120015.721   -12.990     0.00    0.00
-119640.028   -12.990     0.00    0.00
-119264.345   -12.990     0.00    0.00
-118888.672   -12.990     0.00    0.00
-118513.009   -12.990     0.00    0.00
-118137.356   -12.990     0.00    0.00
-117761.714   -12.990     0.00    0.00
-117386.082   -12.990     0.00    0.00
-117010.461   -12.990     0.00    0.00
-116634.850   -12.990     0.00    0.00
-116259.249   -12.990     0.00    0.00
-115883.658   -12.990     0.00    0.00
-115508.078   -12.990     0.00    0.00
-115132.508   -12.990     0.00    0.00
-114756.948   -12.990     0.00    0.00
-114381.398   -12.990     0.00    0.00
-114005.859   -12.990     0.00    0.00
-113630.330   -12.990     0.00    0.00
-113254.811   -12.990     0.00    0.00
-112879.303   -12.990     0.00    0.00
-112503.804   -12.990     0.00    0.00
-112128.316   -12.990     0.00    0.00
-111752.839   -12.990     0.00    0.00
-111377.371   -12.990     0.00    0.00
-111001.914   -12.990     0.00    0.00
-110626.467   -12.990     0.00    0.00
-110251.030   -12.990     0.00    0.00
-109875.604   -12.990     0.00    0.00
-109500.187   -12.990     0.00    0.00
-109124.781   -12.990     0.00    0.00
-108749.386   -12.990     0.00    0.00
-108374.000   -12.990     0.00    0.00
-107998.625   -12.990     0.00    0.00
-107623.259   -12.990     0.00    0.00
-107247.905   -12.990     0.00    0.00
-106872.560   -12.990     0.00    0.00
-106497.225   -12.990     0.00    0.00
-106121.901   -12.990     0.00    0.00
-105746.587   -12.990     0.00    0.00
-105371.283   -12.990     0.00    0.00
-104995.990   -12.990     0.00    0.00
-104620.706   -12.990     0.00    0.00
-104245.433   -12.990     0.00    0.00
-103870.170   -12.990     0.00    0.00
-103494.917   -12.990     0.00    0.00
-103119.675   -12.990     0.00    0.00
-102744.442   -12.990     0.00    0.00
-102369.220   -12.990     0.00    0.00
-101994.008   -12.990     0.00    0.00
-101618.806   -12.990     0.00    0.00
-101243.614   -12.990     0.00    0.00
-100868.433   -12.990     0.00    0.00
-100493.261   -12.990     0.00    0.00
-100118.100   -12.990     0.00    0.00
 -99742.949   -12.990     0.00    0.00
 -99367.808   -12.990     0.00    0.00
 -98992.678   -12.990     0.00    0.00
 -98617.557   -12.990     0.00    0.00
 -98242.447   -12.990     0.00    0.00
 -97867.347   -12.990     0.00    0.00
 -97492.257   -12.990     0.00    0.00
 -97117.177   -12.990     0.00    0.00
 -96742.107   -12.990     0.00    0.00
 -96367.047   -12.990     0.00    0.00
 -95991.998   -12.990     0.00    0.00
 -95616.959   -12.990     0.00    0.00
 -95241.930   -12.990     0.00    0.00
 -94866.911   -12.990     0.00    0.00
 -94491.902   -12.990     0.00    0.00
 -94116.903   -12.990     0.00    0.00
 -93741.914   -12.990     0.00    0.00
 -93366.936   -12.990     0.00    0.00
 -92991.967   -12.990     0.00    0.00
 -92617.009   -12.990     0.00    0.00
 -92242.061   -12.990     0.00    0.00
 -91867.123   -12.990     0.00    0.00
 -91492.195   -12.990     0.00    0.00
 -91117.277   -12.990     0.00    0.00
 -90742.370   -12.715     0.73    1.22
 -90367.472   -11.540     3.13    2.33
 -89992.584   -10.290     3.33    2.46
 -89617.707    -8.840     3.87    2.05
 -89242.840    -8.629     0.56    1.61
 -88867.983    -7.649     2.62    2.29
 -88493.135    -7.272     1.00    2.67
 -88118.298    -8.565    -3.45    3.55
 -87743.472    -9.785    -3.25    3.67
 -87368.655   -11.477    -4.52    2.97
 -86993.848   -11.776    -0.80    2.78
 -86619.051   -10.095     4.48    4.27
 -86244.265    -7.940     5.75    5.02
 -85869.488    -5.323     6.98    4.80
 -85494.722    -4.770     1.48    4.40
 -85119.965    -4.847    -0.20    3.60
 -84745.219    -4.734     0.30    3.00
 -84370.483    -4.740    -0.02    2.58
 -83995.756    -4.440     0.80    2.30
 -83620.934    -4.136     0.81    2.07
 -83244.206    -4.041     0.25    2.45
 -82867.487    -5.093    -2.79    2.91
 -82490.779    -5.190    -0.26    2.93
 -82114.082    -4.939     0.67    2.77
 -81737.394    -4.840     0.26    2.68
 -81360.716    -4.605     0.62    2.78
 -80984.049    -4.580     0.07    3.02
 -80607.392    -3.265     3.49    4.28
 -80230.745    -2.212     2.80    5.07
 -79854.108    -2.890    -1.80    4.97
 -79477.481    -3.965    -2.85    5.03
 -79100.865    -6.340    -6.31    4.06
 -78724.258    -7.426    -2.88    1.97
 -78347.662    -7.503    -0.20    1.79
 -77971.076    -6.490     2.69    2.27
 -77594.500    -4.528     5.21    4.04
 -77217.934    -3.990     1.43    4.82
 -76841.378    -3.665     0.86    5.26
 -76464.832    -4.631    -2.57    5.21
 -76088.297    -6.442    -4.81    3.98
 -75711.771    -6.862    -1.11    2.56
 -75335.256    -6.465     1.05    2.64
 -74958.751    -6.465     0.00    2.62
 -74582.256    -6.551    -0.23    2.65
 -74205.771    -7.276    -1.93    3.03
 -73829.296    -7.622    -0.92    3.15
 -73452.831    -7.490     0.35    3.35
 -73076.376    -7.590    -0.27    3.34
 -72699.932    -8.136    -1.45    2.53
 -72323.497    -8.615    -1.27    1.78
 -71947.073    -9.206    -1.57    1.32
 -71570.659    -9.569    -0.96    1.31
 -71194.255   -10.015    -1.19    1.23
 -70817.860   -10.065    -0.13    1.02
 -70441.476   -10.065     0.00    1.02
 -70065.102   -10.040     0.07    1.08
 -69688.739   -10.090    -0.13    1.03
 -69312.385    -9.911     0.48    1.30
 -68936.041    -9.917    -0.02    1.37
 -68559.707   -10.088    -0.45    1.18
 -68183.384   -10.272    -0.49    1.28
 -67807.070   -10.190     0.22    1.16
 -67430.767   -10.306    -0.31    1.23
 -67054.473   -10.380    -0.20    1.28
 -66678.190   -10.265     0.31    1.22
 -66301.917   -10.323    -0.16    1.06
 -65925.654   -10.165     0.42    1.13
 -65549.400   -10.067     0.26    1.01
 -65173.157   -10.300    -0.62    1.05
 -64796.924   -10.452    -0.40    1.14
 -64420.701   -10.477    -0.07    1.10
 -64044.488   -10.615    -0.37    1.00
 -63668.285   -10.503     0.30    1.19
 -63292.092   -10.340     0.43    1.10
 -62915.909   -10.268     0.19    1.26
 -62539.736   -10.490    -0.59    1.24
 -62163.573   -10.426     0.17    1.31
 -61787.421   -10.272     0.41    1.54
 -61411.278    -9.965     0.82    1.48
 -61035.145    -9.913     0.14    1.18
 -60659.022    -9.708     0.55    1.23
 -60282.910    -9.503     0.55    1.21
 -59906.807    -9.400     0.27    1.21
 -59530.714    -9.405    -0.01    1.20
 -59154.631    -9.440    -0.09    1.26
 -58778.559    -9.240     0.53    1.24
 -58402.496    -9.144     0.26    1.27
 -58026.443    -9.290    -0.39    1.30
 -57650.400    -9.307    -0.05    1.08
 -57274.368    -9.426    -0.32    1.14
 -56898.345    -9.365     0.16    1.19
 -56522.332    -9.543    -0.47    1.13
 -56146.329    -9.704    -0.43    1.15
 -55770.336    -9.631     0.19    1.20
 -55394.354    -9.815    -0.49    1.11
 -55018.381    -9.740     0.20    1.13
 -54642.418    -9.964    -0.60    1.09
 -54266.465    -9.966    -0.00    1.13
 -53890.522   -10.043    -0.20    0.90
 -53514.589    -9.892     0.40    0.92
 -53138.666    -9.990    -0.26    0.95
 -52762.753   -10.040    -0.13    0.88
 -52386.850   -10.140    -0.27    0.86
 -52010.957   -10.174    -0.09    0.93
 -51635.074    -9.811     0.97    1.41
 -51259.200    -9.785     0.07    1.59
 -50883.337   -10.016    -0.61    1.55
 -50507.484   -10.065    -0.13    1.46
 -50131.640    -9.990     0.20    1.49
 -49755.807    -9.965     0.07    1.12
 -49379.983    -9.862     0.27    1.17
 -49004.170    -9.580     0.75    1.46
 -48628.366    -9.258     0.86    1.94
 -48252.573    -8.887     0.99    2.05
 -47876.789    -8.478     1.09    1.86
 -47501.015    -7.708     2.05    1.93
 -47125.251    -7.551     0.42    1.86
 -46749.497    -7.400     0.40    2.01
 -46373.753    -7.811    -1.09    2.08
 -45998.019    -8.371    -1.49    1.91
 -45622.294    -8.622    -0.67    1.88
 -45246.580    -8.892    -0.72    1.62
 -44870.876    -9.041    -0.40    1.23
 -44495.181    -8.892     0.40    1.26
 -44119.497    -8.349     1.45    1.60
 -43743.822    -8.195     0.41    1.63
 -43368.157    -8.140     0.15    1.59
 -42992.502    -7.665     1.26    1.83
 -42616.857    -7.966    -0.80    1.80
 -42241.222    -7.759     0.55    1.93
 -41865.597    -7.115     1.72    2.04
 -41489.981    -6.605     1.36    2.30
 -41114.376    -6.385     0.59    1.95
 -40738.780    -6.865    -1.28    1.96
 -40363.194    -7.190    -0.87    1.74
 -39987.618    -7.041     0.40    1.67
 -39612.052    -6.185     2.28    1.69
 -39236.496    -5.727     1.22    1.52
 -38860.950    -5.331     1.05    1.73
 -38485.414    -5.426    -0.25    2.09
 -38109.887    -5.415     0.03    1.87
 -37734.370    -5.865    -1.20    1.96
 -37358.864    -5.815     0.13    1.97
 -36983.367    -5.728     0.23    1.71
 -36607.879    -6.227    -1.33    1.81
 -36232.402    -5.940     0.76    1.83
 -35856.935    -5.785     0.41    1.84
 -35481.477    -5.844    -0.16    1.77
 -35106.029    -5.965    -0.32    1.61
 -34730.592    -6.221    -0.68    1.61
 -34355.164    -6.283    -0.16    1.60
 -33979.745    -6.415    -0.35    1.39
 -33604.337    -6.478    -0.17    1.49
 -33228.938    -6.144     0.89    1.44
 -32853.550    -6.118     0.07    1.45
 -32478.171    -5.605     1.37    1.39
 -32102.802    -4.885     1.92    1.43
 -31727.442    -4.515     0.99    1.11
 -31352.093    -4.477     0.10    1.34
 -30976.753    -4.605    -0.34    1.65
 -30601.423    -5.258    -1.74    1.95
 -30226.103    -5.279    -0.06    2.01
 -29850.793    -5.380    -0.27    1.87
 -29475.493    -4.913     1.24    1.75
 -29100.202    -4.990    -0.20    1.68
 -28724.921    -4.865     0.33    2.02
 -28349.650    -5.065    -0.53    1.53
 -27974.389    -4.728     0.90    1.53
 -27599.138    -4.253     1.27    1.55
 -27223.896    -3.840     1.10    1.55
 -26848.664    -3.631     0.56    1.56
 -26473.442    -3.722    -0.24    1.60
 -26098.230    -3.765    -0.12    1.54
 -25723.027    -3.605     0.43    1.43
 -25347.834    -3.161     1.19    1.58
 -24972.651    -2.964     0.52    1.77
 -24597.478    -2.868     0.26    1.57
 -24222.315    -3.169    -0.80    1.79
 -23847.161    -2.939     0.62    1.75
 -23472.017    -2.657     0.75    2.26
 -23096.883    -2.727    -0.19    2.50
 -22721.759    -2.815    -0.24    2.27
 -22346.644    -2.690     0.33    2.22
 -21971.539    -2.785    -0.25    2.36
 -21596.444    -2.649     0.36    2.19
 -21221.359    -2.727    -0.21    2.26
 -20846.283    -2.380     0.92    1.76
 -20471.217    -2.631    -0.67    1.74
 -20096.161    -2.790    -0.42    1.91
 -19721.114    -2.740     0.13    1.85
 -19346.078    -2.657     0.22    2.09
 -18971.051    -2.442     0.57    1.88
 -18596.034    -2.411     0.08    1.70
 -18221.026    -2.722    -0.83    1.70
 -17846.028    -2.887    -0.44    1.39
 -17471.040    -3.088    -0.53    1.51
 -17096.062    -3.169    -0.22    1.30
 -16721.093    -2.631     1.44    1.61
 -16346.134    -2.115     1.38    1.56
 -15971.185    -1.734     1.02    1.55
 -15596.246    -1.165     1.52    1.43
 -15221.316    -0.631     1.42    1.56
 -14846.396    -0.041     1.57    1.70
 -14471.486     0.189     0.62    1.65
 -14096.585     0.457     0.71    1.70
 -13721.694    -0.065    -1.39    1.35
 -13346.813    -0.067    -0.01    1.06
 -12971.941    -0.272    -0.55    1.07
 -12597.079    -0.088     0.49    1.37
 -12222.227     0.113     0.53    1.41
 -11847.385     0.351     0.64    1.39
 -11472.552     0.273    -0.21    1.48
 -11097.729     0.558     0.76    1.42
 -10722.915     0.651     0.25    1.42
 -10348.111     1.266     1.64    1.55
  -9973.317     1.335     0.18    1.49
  -9598.533     1.446     0.30    1.60
  -9223.758     1.425    -0.06    1.69
  -8848.993     1.168    -0.69    1.84
  -8473.305     1.376     0.55    2.01
  -8096.608     1.420     0.12    1.92
  -7719.921     1.610     0.50    1.97
  -7343.244     1.710     0.27    2.00
  -6966.576     1.189    -1.38    1.70
  -6589.919     1.318     0.34    1.72
  -6213.271     1.420     0.27    1.45
  -5836.633     1.189    -0.61    1.45
  -5460.004     1.728     1.43    1.41
  -5083.385     2.142     1.10    1.36
  -4706.776     2.185     0.12    2.27
  -4330.177     2.010    -0.46    2.94
  -3953.588     1.185    -2.19    3.66
  -3577.008     1.083    -0.27    3.74
  -3200.438     0.642    -1.17    3.62
  -2823.878     0.790     0.40    4.14
  -2447.327     0.779    -0.03    4.34
  -2070.786     0.728    -0.14    4.47
  -1694.255    -0.140    -2.31    4.19
  -1317.734    -0.426    -0.76    3.40
   -941.222     0.177     1.60    2.71
   -564.720    -0.067    -0.65    2.31
   -188.228    -0.240    -0.46    2.58
    188.254     0.036     0.73    2.53
    564.727     0.083     0.13    2.54
    941.190    -0.204    -0.76    2.75
   1317.644    -0.595    -1.04    3.09
   1694.087    -1.215    -1.65    3.29
   2070.521    -1.190     0.07    3.51
   2446.946    -0.917     0.73    3.36
   2823.360    -0.940    -0.06    3.00
   3199.765    -0.855     0.23    2.76
   3576.160    -1.069    -0.57    2.52
   3952.546    -1.477    -1.08    2.54
   4328.922    -1.365     0.30    2.80
   4705.288    -0.140     3.25    3.25
   5081.645     1.210     3.59    3.38
   5457.991     3.113     5.06    2.49
   5834.329     4.145     2.74    1.65
   6210.656     4.685     1.43    1.27
   6586.974     4.961     0.73    1.53
   6963.282     5.010     0.13    1.52
   7339.581     5.035     0.07    1.58
   7715.869     4.799    -0.63    1.49
   8092.149     4.449    -0.93    1.48
   8468.418     4.560     0.29    1.48
   8844.678     4.574     0.04    1.70
   9220.928     5.335     2.02    1.95
   9597.169     5.600     0.70    1.90
   9973.400     5.891     0.77    1.97
  10349.621     6.036     0.39    1.98
  10725.833     5.446    -1.57    2.26
  11102.035     4.610    -2.22    2.13
  11478.227     3.702    -2.41    1.44
  11854.410     3.310    -1.04    0.88
  12230.583     3.621     0.83    1.05
  12606.746     3.376    -0.65    1.26
  12982.900     3.395     0.05    1.27
  13359.044     3.882     1.30    1.64
  13735.179     4.260     1.01    1.61
  14111.304     4.878     1.64    1.96
  14487.419     5.185     0.82    2.19
  14863.525     5.087    -0.26    2.17
  15239.621     4.860    -0.60    1.72
  15615.708     4.425    -1.16    1.50
  15991.785     4.168    -0.68    1.26
  16367.852     4.620     1.20    1.61
  16743.910     5.138     1.38    1.92
  17119.958     6.110     2.58    2.24
  17495.997     6.547     1.16    2.29
  17872.026     6.446    -0.27    2.60
  18248.045     5.843    -1.60    3.09
  18624.055     4.589    -3.34    2.38
  19000.055     4.010    -1.54    1.85
  19376.046     3.984    -0.07    1.65
  19752.027     4.717     1.95    1.82
  20127.998     5.815     2.92    2.12
  20503.960     6.754     2.50    2.52
  20879.912     8.235     3.94    3.12
  21255.855     9.805     4.18    3.23
  21631.788    10.669     2.30    3.48
  22007.712    11.523     2.27    3.23
  22383.626    11.343    -0.48    2.41
  22759.530    11.266    -0.20    2.11
  23135.425    11.431     0.44    2.02
  23511.311    13.035     4.27    3.82
  23887.186    14.728     4.50    4.61
  24263.053    16.138     3.75    4.16
  24638.909    16.960     2.19    3.22
  25014.757    16.343    -1.64    3.12
  25390.594    18.510     5.76    4.48
  25766.422    21.189     7.13    5.41
  26142.241    24.685     9.30    4.97
  26518.050    27.446     7.35    3.97
  26893.850    28.779     3.55    4.15
  27269.640    31.296     6.70    4.15
  27645.420    33.677     6.34    4.46
  28021.191    35.685     5.34    4.58
  28396.952    39.266     9.53    4.71
  28772.704    41.885     6.97    4.35
  29148.447    44.629     7.30    4.60
  29524.179    48.036     9.07    4.21
  29899.903    50.360     6.18    3.98
  30275.617    52.600     5.96    3.48
  30651.321    54.400     4.79    3.43
  31027.016    55.510     2.95    3.23
  31402.701    57.563     5.46    4.01
  31778.377    58.266     1.87    4.27
  32154.043    58.960     1.85    4.87
  32529.700    60.235     3.39    4.65
  32905.347    61.085     2.26    4.32
  33280.985    61.985     2.40    4.14
  33656.613    62.799     2.17    4.16
  34032.232    63.371     1.52    4.64
  34407.842    64.010     1.70    4.79
  34783.442    62.910    -2.93    4.99
  35159.032    61.754    -3.08    4.23
  35534.613    62.535     2.08    4.06
  35910.184    63.856     3.52    4.25
  36285.746    66.367     6.69    4.56
  36661.299    69.189     7.52    4.52
  37036.842    71.685     6.64    4.73
  37412.376    75.497    10.15    4.90
  37787.900    78.882     9.01    4.77
  38163.415    81.867     7.95    5.40
  38538.920    84.799     7.81    4.63
  38914.416    87.060     6.02    4.38
  39289.902    90.210     8.39    4.30
  39665.379    93.278     8.17    6.24
  40040.846    97.485    11.20    6.46
  40416.304   102.649    13.75    5.81
  40791.753   106.194     9.44    5.84
  41167.192   109.138     7.84    6.14
  41542.622   111.010     4.99    6.24
  41918.042   111.810     2.13    6.70
  42293.453   111.585    -0.60    7.62
  42668.854   110.010    -4.20    6.23
  43044.246   109.902    -0.29    5.45
  43419.629   110.735     2.22    6.27
  43795.002   108.790    -5.18    7.64
  44170.365   107.063    -4.60    9.24
  44545.720   105.985    -2.87   10.09
  44921.065   105.036    -2.53   13.66
  45296.400   108.285     8.66   13.71
  45671.726   111.574     8.76   14.69
  46047.043   110.435    -3.03   13.86
  46422.350   109.535    -2.40   13.02
  46797.648   107.728    -4.81   11.68
  47172.936   105.961    -4.71    8.71
  47548.216   105.875    -0.23    7.09
  47923.485   105.600    -0.73    4.30
  48298.745   107.385     4.76    4.69
  48673.996   110.060     7.13    5.56
  49049.238   113.110     8.13    6.38
  49424.470   117.288    11.13    6.06
  49799.693   121.299    10.69    5.73
  50174.906   125.010     9.89    5.28
  50550.110   128.960    10.53    5.43
  50925.305   134.522    14.82    7.69
  51300.490   139.260    12.63    8.25
  51675.666   144.360    13.59    7.94
  52050.832   148.115    10.01    6.20
  52425.989   150.644     6.74    6.15
  52801.137   152.498     4.94    5.43
  53176.276   152.856     0.96    5.68
  53551.405   154.485     4.34    5.96
  53926.524   156.036     4.13    6.95
  54301.635   160.272    11.29    7.86
  54676.736   165.856    14.89    7.44
  55051.828   170.215    11.62    8.32
  55426.910   174.677    11.89    7.52
  55801.983   179.164    11.96    6.80
  56177.047   181.961     7.46    8.38
  56552.101   183.232     3.39    9.86
  56927.146   184.702     3.92   10.13
  57302.181   189.523    12.85   10.67
  57677.208   191.369     4.92    8.61
  58052.225   191.885     1.38    7.64
  58427.232   190.957    -2.47    9.70
  58802.231   187.856    -8.27    9.69
  59177.220   185.984    -4.99    7.45
  59552.199   187.760     4.74    7.41
  59927.170   189.669     5.09    6.76
  60302.131   192.215     6.79    6.81
  60677.083   195.435     8.59    6.79
  61052.025   196.615     3.15    7.12
  61426.958   195.132    -3.96    8.71
  61801.882   194.660    -1.26    8.89
  62176.797   193.907    -2.01    7.98
  62551.702   197.185     8.74    9.33
  62926.598   198.036     2.27    9.51
  63301.485   197.248    -2.10    9.24
  63676.362   197.905     1.75    7.65
  64051.230   198.856     2.54    6.93
  64426.089   203.260    11.75   10.14
  64800.938   210.285    18.74   11.68
  65175.779   216.135    15.61   10.32
  65550.610   221.538    14.41    8.99
  65925.431   219.805    -4.62   10.06
  66300.244   214.615   -13.85   12.17
  66676.733   209.935   -12.43   13.01
  67053.394   203.241   -17.77    9.17
  67430.045   202.135    -2.94    9.80
  67806.687   204.574     6.48    9.98
  68183.320   209.563    13.24    9.79
  68559.944   214.327    12.65   11.05
  68936.558   226.644    32.70   24.22
  69313.163   239.536    34.23   26.31
  69689.758   248.410    23.56   23.46
  70066.344   253.754    14.19   20.73
  70442.921   258.498    12.60   18.96
  70819.488   259.385     2.36   13.21
  71196.046   260.984     4.25   12.57
  71572.595   267.534    17.39   11.87
  71949.134   274.905    19.57   11.77
  72325.664   287.310    32.94   19.59
  72702.185   297.523    27.12   19.80
  73078.696   303.230    15.16   15.24
  73455.198   303.335     0.28   15.33
  73831.691   295.472   -20.89   16.54
  74208.174   289.710   -15.30   13.56
  74584.649   288.835    -2.32   14.36
  74961.113   287.278    -4.13   17.20
  75337.569   286.935    -0.91   18.39
  75714.015   284.548    -6.34   17.39
  76090.452   285.694     3.04   13.88
  76466.879   287.905     5.87   12.22
  76843.298   288.760     2.27   10.16
  77219.707   291.060     6.11    9.23
  77596.106   292.635     4.18   10.25
  77972.497   295.241     6.92   10.40
  78348.878   297.982     7.28    9.06
  78725.249   299.360     3.66    7.60
  79101.612   300.635     3.39    7.34
  79477.965   302.164     4.06    7.51
  79854.309   304.060     5.04    7.75
  80230.644   305.831     4.70    7.85
  80606.969   306.449     1.64    6.91
  80983.285   307.241     2.10    6.46
  81359.592   309.085     4.90    6.12
  81735.889   313.625    12.07    7.34
  82112.178   317.959    11.52    7.39
  82488.457   322.415    11.84    7.06
  82864.726   327.142    12.56    5.91
  83240.987   331.677    12.05    7.35
  83617.238   337.135    14.51    6.91
  83993.480   342.935    15.41    7.52
  84369.713   348.410    14.55    7.03
  84745.936   353.066    12.37    5.67
  85122.151   356.677     9.60    5.72
  85498.355   358.010     3.54    5.49
  85874.551   356.266    -4.63    7.63
  86250.738   355.036    -3.27    9.16
  86626.915   352.497    -6.75   11.30
  87003.083   346.343   -16.36   14.23
  87379.242   342.247   -10.89   14.10
  87755.391   341.805    -1.17   12.06
  88131.532   344.693     7.68   12.52
  88507.663   350.931    16.58   13.26
  88883.785   357.108    16.42   11.87
  89259.897   359.352     5.97   10.55
  89636.001   364.230    12.97   10.67
  90012.095   368.651    11.76   11.19
  90388.180   376.728    21.48   11.01
  90764.256   381.230    11.97    7.88
  91140.322   381.668     1.17    8.58
  91516.380   379.571    -5.58    9.04
  91892.428   378.702    -2.31    6.59
  92268.467   380.571     4.97    5.77
  92644.497   382.625     5.46    5.01
  93020.517   384.010     3.68    4.22
  93396.529   383.036    -2.59    5.08
  93772.531   380.760    -6.05    6.37
  94148.524   379.446    -3.49    6.01
  94524.508   378.805    -1.70    5.41
  94900.482   379.721     2.44    4.77
  95276.448   381.957     5.95    5.22
  95652.404   385.371     9.08    5.45
  96028.351   389.210    10.21    6.12
  96404.289   392.510     8.78    6.23
  96780.218   395.735     8.58    6.97
  97156.138   398.087     6.26    7.29
  97532.048   401.194     8.27    6.92
  97907.949   403.230     5.41    5.79
  98283.841   405.728     6.65    5.17
  98659.724   407.805     5.53    5.30
  99035.598   409.535     4.60    5.67
  99411.463   410.010     1.26    7.90
  99787.318   412.510     6.65   13.00
 100163.164   414.702     5.83   18.03
 100539.002   415.010     0.82   18.14
 100914.830   408.831   -16.44   14.65
 101290.649   403.132   -15.16   12.60
 101666.458   401.260    -4.98   12.33
 102042.259   400.093    -3.10   12.81
 102418.050   395.135   -13.19   14.01
 102793.833   389.385   -15.30   14.30
 103169.606   385.510   -10.31   18.43
 103545.370   381.185   -11.51   18.07
 103921.125   379.215    -5.24   17.04
 104296.871   381.510     6.11   16.32
 104672.607   386.253    12.62   19.95
 105048.335   390.335    10.86   28.54
 105424.054   381.888   -22.48   31.53
 105799.763   375.189   -17.83   34.33
 106175.463   352.360   -60.76   18.82
 106551.154   342.799   -25.45   12.03
 106926.836   340.547    -6.00   12.41
 107302.509   347.760    19.20   26.10
 107678.173   350.061     6.13   27.69
 108053.828   351.310     3.32   27.25
 108429.473   345.189   -16.29   30.00
 108805.110   324.439   -55.24   23.48
 109180.737   307.484   -45.13   21.44
 109556.356   293.318   -37.71   17.65
 109931.965   281.260   -32.10   11.74
 110307.565   271.984   -24.69   10.17
 110683.156   264.360   -20.30   10.35
 111058.738   257.704   -17.72    7.64
 111434.311   256.395    -3.49    7.91
 111809.875   257.431     2.76   11.56
 112185.430   260.326     7.71   14.54
 112560.976   264.779    11.86   13.40
 112936.512   274.852    26.82   30.78
 113312.040   294.805    53.13   40.09
 113687.559   306.457    31.03   36.89
 114063.068   305.410    -2.79   37.89
 114438.568   295.400   -26.66   33.68
 114814.060   284.551   -28.89   21.55
 115189.542   280.885    -9.76   13.13
 115565.015   290.931    26.75   19.04
 115940.480   309.327    48.99   29.83
 116315.935   320.420    29.54   25.64
 116691.381   326.523    16.25   24.98
 117066.818   315.327   -29.82   31.83
 117442.246   300.221   -40.24   28.99
 117817.665   284.278   -42.46   27.31
 118193.075   272.882   -30.36   16.29
 118568.476   269.132    -9.99   15.12
 118943.868   266.318    -7.50   13.80
 119319.251   259.959   -16.94   14.53
 119694.625   257.860    -5.59   14.44
 120069.989   256.010    -4.93   12.39
 120445.345   255.446    -1.50    8.99
 120820.692   256.933     3.96    8.55
 121196.030   254.241    -7.17    8.47
 121571.359   250.510    -9.94    8.37
 121946.678   245.566   -13.17    8.86
 122321.989   241.585   -10.61    8.55
 122697.291   237.369   -11.23    7.75
 123072.584   236.735    -1.69    5.89
 123447.867   240.285     9.46    8.90
 123823.142   244.754    11.91   10.70
 124198.408   252.961    21.87   10.00
 124573.665   258.420    14.55    7.85
 124948.913   261.885     9.23    7.20
 125324.151   265.326     9.17    6.59
 125699.381   266.010     1.82    5.75
 126074.602   265.230    -2.08    5.97
 126449.814   262.615    -6.97    7.69
 126825.017   261.685    -2.48    8.04
 127200.211   259.352    -6.22    9.27
 127575.395   259.327    -0.07    8.64
 127950.571   258.585    -1.98    8.02
 128325.738   254.856    -9.94    7.33
 128700.896   251.959    -7.72    6.72
 129076.045   247.563   -11.72    6.57
 129451.186   243.899    -9.77    8.64
 129826.317   241.850    -5.46    9.07
