#  137.874 -17.443  20.380 ;Mean Elev.(m), Avg Gradient(m/km), RMS Gradient(m/km) - SRTM1     
#  143.765 -17.426  19.860 ;Mean Elev.(m), Avg Gradient(m/km), RMS Gradient(m/km) - ASTER GDEM
#  138.611 -17.525  20.543 ;Mean Elev.(m), Avg Gradient(m/km), RMS Gradient(m/km) - GMTED2010 
  7  33.251841 -15.836332   141.434   141.434  2 52471.31762408  3.491
 16  33.251529 -15.834320   142.504   142.398  3 52786.31757905 38.149
 18  33.255148 -15.841506   231.121   231.121  2 52856.31770167  2.445
 19  33.251117 -15.835251   230.879   230.879  2 52891.31773312  4.117
 22  33.252803 -15.836089   206.507   198.459  3 52996.31769351  6.573
 25  33.252649 -15.835616   141.827   141.827  2 53101.31766201 34.467
 27  33.251797 -15.836040   197.970   197.970  2 53171.31771628  9.221
 28  33.253117 -15.836345   141.801   141.801  2 53206.31772972 20.161
 37  33.256069 -15.841641   237.532   237.532  2 53521.31772891  1.142
 39  33.260245 -15.850399   211.147   198.557  3 53591.31769410  5.822
 42  33.255001 -15.838880   223.668   223.668  2 53696.31767402  9.597
 44  33.258304 -15.845270   141.172   141.403  3 53766.31756925 41.239
 46  33.253472 -15.836293   149.176   149.176  2 53836.31757673 20.446
 51  33.254147 -15.837643   199.436   199.436  2 54011.31765791  8.782
 57  33.252806 -15.837579   142.025   142.025  2 54221.31762454 13.988
 60  33.256768 -15.839781   143.107   143.107  2 54326.31764752 14.314
 62  33.254992 -15.841350   141.653   141.653  2 54396.31758805 16.475
 70  33.254041 -15.836736   142.783   142.783  2 54676.31758790 15.685
 72  33.253993 -15.837384   173.145   173.145  2 54746.31755662 10.973
 73  33.256157 -15.840765   140.586   140.586  2 54781.31752956 31.836
 78  33.253570 -15.836663   219.703   219.703  2 54956.31754853  0.340
 80  33.255887 -15.840152   142.181   142.181  2 55026.31756370 38.529
 81  33.255514 -15.838384   142.295   142.295  2 55061.31755644 22.474
 82  33.255697 -15.841315   141.498   141.498  2 55096.31750730 38.647
 85  33.253949 -15.837014   147.515   145.682  3 55201.31749144 12.968
 88  33.257166 -15.842292   143.830   143.865  3 55306.31745685 37.592
 89  33.255038 -15.839940   207.009   207.009  2 55341.31745682  1.578
 90  33.255806 -15.840114   145.141   145.141  2 55376.31744984 21.195
 92  33.255740 -15.840248   141.245   143.058  3 55446.31746514 29.505
 93  33.257810 -15.841593   141.151   141.432  3 55481.31739816 40.037
