#  137.874 -17.443  20.380 ;Mean Elev.(m), Avg Gradient(m/km), RMS Gradient(m/km) - SRTM1     
#  143.765 -17.426  19.860 ;Mean Elev.(m), Avg Gradient(m/km), RMS Gradient(m/km) - ASTER GDEM
#  138.611 -17.525  20.543 ;Mean Elev.(m), Avg Gradient(m/km), RMS Gradient(m/km) - GMTED2010 
  7   141.105 52471.31762375  2.07  33.252221 -15.834682  8.502
  7   141.764 52471.31762440  4.56  33.251461 -15.837982  8.502
 16   142.009 52786.31757840 37.04  33.252296 -15.831020 13.451
 16   142.398 52786.31757905 39.11  33.251526 -15.834320 13.451
 16   143.106 52786.31757969 38.05  33.250766 -15.837620 13.451
 18   197.562 52856.31770135  3.64  33.255528 -15.839856  3.433
 18   264.680 52856.31770199  0.79  33.254768 -15.843156  3.433
 19   196.587 52891.31773280  5.87  33.251497 -15.833606  9.287
 19   265.171 52891.31773344  1.13  33.250737 -15.836896  9.287
 22   198.459 52996.31769286  6.84  33.253566 -15.832796  7.019
 22   223.648 52996.31769351  5.56  33.252806 -15.836086  7.019
 22   197.414 52996.31769415  7.16  33.252036 -15.839386  7.019
 25   141.792 53101.31766169 35.14  33.253034 -15.833966 13.917
 25   141.862 53101.31766233 33.67  33.252264 -15.837266 13.917
 27   198.350 53171.31771596  9.14  33.252177 -15.834395 11.065
 27   197.590 53171.31771660  9.30  33.251417 -15.837685 11.065
 28   141.883 53206.31772940 20.57  33.253497 -15.834695  8.451
 28   141.720 53206.31773004 19.71  33.252737 -15.837995  8.451
 37   237.257 53521.31772858  1.79  33.256454 -15.839991  3.754
 37   237.807 53521.31772923  0.38  33.255684 -15.843291  3.754
 39   236.662 53591.31769346  2.79  33.261012 -15.847099  4.162
 39   198.557 53591.31769410  7.00  33.260242 -15.850399  4.162
 39   198.221 53591.31769474  6.58  33.259482 -15.853699  4.162
 42   223.402 53696.31767370  9.04  33.255386 -15.837230 10.748
 42   223.933 53696.31767434 10.09  33.254616 -15.840530 10.748
 44   141.463 53766.31756860 37.91  33.259071 -15.841970 15.456
 44   140.650 53766.31756925 42.55  33.258301 -15.845270 15.456
 44   141.403 53766.31756989 41.97  33.257541 -15.848570 15.456
 46   154.644 53836.31757641 17.77  33.253852 -15.834643  7.759
 46   143.708 53836.31757705 22.09  33.253092 -15.837943  7.759
 51   200.504 54011.31765759  8.52  33.254527 -15.835993  9.900
 51   198.368 54011.31765823  9.03  33.253767 -15.839293  9.900
 57   142.693 54221.31762422 13.29  33.253191 -15.835929  5.007
 57   141.357 54221.31762486 14.59  33.252421 -15.839229  5.007
 60   141.208 54326.31764720 15.02  33.257148 -15.838131  5.395
 60   145.005 54326.31764784 13.47  33.256388 -15.841431  5.395
 62   140.844 54396.31758773 17.79  33.255372 -15.839705  8.686
 62   142.463 54396.31758838 14.58  33.254612 -15.842995  8.686
 70   142.187 54676.31758757 15.75  33.254421 -15.835086  6.984
 70   143.379 54676.31758822 15.62  33.253661 -15.838386  6.984
 72   141.614 54746.31755598 13.69  33.254758 -15.834089  4.206
 72   204.676 54746.31755727  2.13  33.253228 -15.840679  4.206
 73   142.525 54781.31752923 30.37  33.256537 -15.839120  7.352
 73   138.648 54781.31752988 32.93  33.255777 -15.842410  7.352
 78   226.225 54956.31754789  0.30  33.254335 -15.833363  3.988
 78   213.181 54956.31754918  0.38  33.252805 -15.839963  3.988
 80   142.097 55026.31756338 38.96  33.256267 -15.838507  9.839
 80   142.266 55026.31756402 38.05  33.255507 -15.841797  9.839
 81   142.289 55061.31755612 22.19  33.255894 -15.836734  7.238
 81   142.302 55061.31755676 22.74  33.255134 -15.840034  7.238
 82   141.370 55096.31750698 39.56  33.256077 -15.839665 14.072
 82   141.627 55096.31750762 37.49  33.255317 -15.842965 14.072
 85   155.991 55201.31749079 11.80  33.254716 -15.833717  6.481
 85   145.682 55201.31749144 11.42  33.253946 -15.837017  6.481
 85   140.873 55201.31749208 14.83  33.253186 -15.840307  6.481
 88   143.671 55306.31745620 37.06  33.257929 -15.838992 10.490
 88   143.954 55306.31745685 37.83  33.257169 -15.842292 10.490
 88   143.865 55306.31745749 37.84  33.256399 -15.845592 10.490
 89   211.586 55341.31745649  0.24  33.255423 -15.838290  5.156
 89   202.432 55341.31745714  2.60  33.254653 -15.841590  5.156
 90   144.966 55376.31744952 21.26  33.256186 -15.838469 11.122
 90   145.316 55376.31745016 21.13  33.255426 -15.841759 11.122
 92   137.327 55446.31746449 30.98  33.256503 -15.836948  8.571
 92   143.058 55446.31746514 27.31  33.255743 -15.840248  8.571
 92   143.348 55446.31746578 29.47  33.254973 -15.843548  8.571
 93   140.316 55481.31739752 39.51  33.258577 -15.838293 15.727
 93   141.706 55481.31739816 40.93  33.257807 -15.841593 15.727
 93   141.432 55481.31739881 39.51  33.257047 -15.844893 15.727
