-163459.638   785.454     0.00   10.57
-163083.133   784.245    -3.21    9.36
-162706.620   779.120   -13.61   10.71
-162330.100   775.217   -10.37   11.56
-161953.571   770.955   -11.32   11.91
-161577.034   765.730   -13.88   12.27
-161200.490   764.064    -4.43   13.01
-160823.938   760.705    -8.92   11.05
-160447.377   758.941    -4.69   10.19
-160070.809   759.480     1.43   11.00
-159694.233   760.993     4.02   12.54
-159318.687   762.316     3.52   11.63
-158943.672   762.655     0.91    9.84
-158568.649   756.325   -16.88   11.51
-158193.619   750.178   -16.39   11.13
-157818.580   748.782    -3.72   11.11
-157443.534   752.653    10.32   14.41
-157068.479   754.961     6.15   14.69
-156693.417   754.705    -0.68   14.40
-156318.347   755.572     2.31   14.35
-155943.270   753.230    -6.24   15.28
-155568.184   749.005   -11.26   14.15
-155193.091   748.130    -2.33   13.72
-154817.989   746.730    -3.73   12.89
-154442.880   748.630     5.06   14.01
-154067.763   751.602     7.92   16.50
-153692.638   756.205    12.27   17.28
-153317.506   760.679    11.92   16.00
-152942.365   754.038   -17.70   16.43
-152567.217   747.448   -17.56   15.97
-152192.060   742.038   -14.42   13.02
-151816.896   742.530     1.31   14.08
-151441.724   741.814    -1.91   14.36
-151066.545   745.125     8.83   13.36
-150691.357   748.178     8.14   12.75
-150316.161   751.388     8.56   12.16
-149940.958   757.192    15.47   10.50
-149565.746   759.967     7.40   11.31
-149190.527   763.012     8.12   13.38
-148815.300   762.993    -0.05   16.41
-148440.065   764.192     3.19   17.46
-148064.822   766.145     5.20   16.07
-147689.572   764.811    -3.55   14.60
-147314.313   768.230     9.11   23.00
-146939.046   768.020    -0.56   30.99
-146563.772   763.316   -12.53   30.16
-146188.490   755.679   -20.35   28.03
-145813.199   745.480   -27.17   17.60
-145437.901   738.955   -17.38   17.71
-145062.595   727.628   -30.18   22.80
-144687.281   711.901   -41.90   25.94
-144311.960   699.892   -31.99   20.88
-143936.630   697.877    -5.37   16.71
-143561.292   699.072     3.19   16.93
-143185.947   703.961    13.02   16.93
-142810.593   707.572     9.62   15.49
-142435.232   712.028    11.87   14.57
-142059.862   721.555    25.38   17.96
-141684.485   734.397    34.21   16.59
-141309.100   747.935    36.06   26.60
-140933.707   762.217    38.04   32.45
-140558.306   769.892    20.44   32.87
-140182.897   772.779     7.69   27.38
-139807.480   777.858    13.53   27.48
-139432.055   783.809    15.85   29.26
-139056.622   792.474    23.08   27.94
-138681.182   792.141    -0.89   25.70
-138305.733   797.005    12.96   21.45
-137930.277   801.757    12.65   25.17
-137554.812   810.230    22.57   27.67
-137179.339   817.520    19.41   26.21
-136803.859   819.072     4.13   24.68
-136428.371   814.880   -11.16   24.45
-136052.874   804.897   -26.59   24.65
-135677.370   797.809   -18.87   22.63
-135301.858   787.046   -28.66   22.44
-134926.337   783.012   -10.74   27.16
-134550.809   780.833    -5.80   39.61
-134175.273   780.630    -0.54   55.98
-133799.729   780.653     0.06   58.91
-133424.177   781.072     1.12   64.02
-133048.617   771.755   -24.81   58.10
-132673.049   779.779    21.36   51.73
-132297.473   793.283    35.95   52.16
-131921.889   823.905    81.53   63.93
-131546.297   836.046    32.32   85.55
-131170.697   833.120    -7.79   97.22
-130795.089   824.730   -22.34   90.31
-130419.473   805.705   -50.65   71.26
-130043.849   797.397   -22.12   61.03
-129668.217   779.807   -46.82   53.04
-129292.577   753.925   -68.90   51.16
-128916.929   725.595   -75.41   55.60
-128541.273   690.608   -93.13   53.60
-128165.609   660.625   -79.81   31.78
-127789.937   646.115   -38.62   25.69
-127414.257   632.961   -35.01   21.48
-127038.569   627.838   -13.63   23.37
-126662.873   617.705   -26.97   22.38
-126287.169   607.858   -26.21   22.22
-125911.457   599.809   -21.42   18.42
-125535.737   595.089   -12.56   16.97
-125160.009   591.433    -9.73   14.69
-124784.273   591.462     0.08   12.67
-124408.529   593.884     6.45   14.11
-124032.777   606.423    33.37   18.52
-123657.016   622.166    41.90   21.80
-123281.248   636.628    38.48   25.05
-122905.472   662.055    67.66   49.99
-122529.688   682.961    55.63   51.14
-122153.895   701.530    49.41   48.02
-121778.095   717.441    42.33   41.07
-121402.287   721.560    10.96   30.91
-121026.470   724.755     8.50   30.07
-120650.646   719.925   -12.85   45.14
-120274.813   705.204   -39.17   54.87
-119898.972   673.269   -84.96   54.36
-119523.124   649.730   -62.62   50.96
-119147.267   624.935   -65.96   35.15
-118771.402   611.423   -35.95   15.98
-118395.529   598.653   -33.97   14.17
-118019.649   589.919   -23.23   12.49
-117643.760   582.480   -19.79   11.79
-117267.863   571.145   -30.15   14.89
-116891.957   563.599   -20.07   16.45
-116516.044   558.530   -13.48   14.25
-116140.123   557.441    -2.90   14.48
-115764.194   557.755     0.84   14.99
-115388.256   558.397     1.71   15.95
-115012.311   556.309    -5.55   13.97
-114636.357   550.679   -14.97   11.72
-114260.395   550.397    -0.75   12.00
-113884.426   548.779    -4.30   10.83
-113508.448   547.125    -4.40    9.53
-113132.462   551.755    12.31   10.09
-112756.468   558.012    16.64   11.37
-112380.466   565.888    20.95   11.54
-112004.455   574.115    21.88   11.08
-111628.437   577.546     9.12    9.39
-111252.411   573.346   -11.17   12.46
-110876.376   565.520   -20.81   14.92
-110500.333   555.914   -25.54   15.46
-110124.282   544.352   -30.75   11.39
-109748.224   535.730   -22.92   10.01
-109372.157   528.355   -19.61   11.15
-108996.081   523.880   -11.90   14.37
-108619.998   519.320   -12.12   19.18
-108243.907   511.448   -20.93   11.21
-107867.807   510.089    -3.61   11.20
-107491.700   508.511    -4.20   13.74
-107115.584   513.346    12.85   22.28
-106739.460   523.630    27.34   38.09
-106363.328   542.346    49.75   52.08
-105987.188   546.576    11.25   50.52
-105611.039   540.291   -16.71   47.07
-105234.883   538.204    -5.55   34.85
-104858.718   534.833    -8.96   32.59
-104482.546   534.030    -2.13   32.27
-104106.365   534.405     1.00   27.98
-103730.176   534.055    -0.93   24.50
-103353.978   535.647     4.23   16.43
-102977.773   542.046    17.01   15.24
-102601.559   550.406    22.22   10.76
-102225.338   556.576    16.40    9.46
-101849.108   563.397    18.13   10.57
-101472.870   570.786    19.64   14.66
-101096.624   583.905    34.87   19.19
-100720.369   594.756    28.84   19.06
-100344.107   607.089    32.78   26.78
 -99967.836   612.380    14.06   37.17
 -99591.557   611.038    -3.57   54.13
 -99215.270   590.608   -54.29   68.79
 -98838.975   572.141   -49.08   67.94
 -98462.672   558.730   -35.63   61.89
 -98086.360   548.336   -27.62   66.87
 -97710.040   532.905   -41.00   60.89
 -97333.712   520.755   -32.28   61.16
 -96957.376   508.388   -32.86   65.33
 -96581.032   498.755   -25.59   57.52
 -96204.679   485.546   -35.10   47.75
 -95828.318   471.828   -36.45   49.39
 -95451.949   457.305   -38.58   45.99
 -95075.572   442.379   -39.66   39.04
 -94699.187   438.244   -10.99   35.96
 -94322.793   426.388   -31.50   38.20
 -93946.392   419.807   -17.48   40.20
 -93569.982   413.884   -15.73   40.28
 -93193.563   408.555   -14.16   39.29
 -92817.137   411.935     8.98   39.10
 -92440.702   412.046     0.29   30.63
 -92064.259   396.730   -40.68   33.53
 -91687.808   387.877   -23.52   33.49
 -91311.349   377.178   -28.42   30.50
 -90934.881   364.005   -34.99   23.45
 -90558.406   354.862   -24.29   21.57
 -90181.922   339.462   -40.90   27.46
 -89805.429   323.782   -41.65   31.88
 -89428.929   317.141   -17.64   31.19
 -89052.420   315.605    -4.08   26.94
 -88675.903   318.987     8.98   25.56
 -88299.378   333.389    38.25   19.05
 -87922.844   337.595    11.17   15.83
 -87546.303   328.925   -23.02   21.16
 -87169.753   314.467   -38.39   21.07
 -86793.194   299.309   -40.25   18.64
 -86416.628   284.858   -38.37   17.15
 -86040.053   271.599   -35.21   16.56
 -85663.470   260.910   -28.38   14.47
 -85286.879   250.217   -28.39    8.19
 -84910.279   245.283   -13.10    5.66
 -84533.801   240.783   -11.95    4.71
 -84158.837   237.508    -8.73    3.62
 -83783.865   234.905    -6.94    3.73
 -83408.884   232.430    -6.60    3.60
 -83033.896   230.807    -4.33    3.60
 -82658.899   229.005    -4.80    2.99
 -82283.894   227.602    -3.74    2.81
 -81908.881   226.205    -3.72    2.91
 -81533.860   224.730    -3.93    2.54
 -81158.830   223.805    -2.47    2.73
 -80783.792   222.125    -4.48    3.21
 -80408.746   220.320    -4.81    3.68
 -80033.692   218.974    -3.59    3.68
 -79658.630   217.202    -4.72    3.38
 -79283.559   214.961    -5.98    3.41
 -78908.480   213.105    -4.95    3.73
 -78533.393   211.555    -4.13    4.22
 -78158.298   209.755    -4.80    3.81
 -77783.194   208.258    -3.99    3.46
 -77408.082   206.703    -4.14    3.64
 -77032.962   205.109    -4.25    4.04
 -76657.834   203.680    -3.81    4.04
 -76282.698   203.023    -1.75    4.21
 -75907.553   202.961    -0.17    4.53
 -75532.400   205.455     6.65    4.80
 -75157.239   206.204     2.00    4.23
 -74782.069   205.880    -0.86    4.08
 -74406.891   203.655    -5.93    5.01
 -74031.705   200.625    -8.08    5.12
 -73656.511   196.880    -9.98    4.54
 -73281.308   193.884    -7.99    4.12
 -72906.098   191.194    -7.17    3.78
 -72530.879   187.678    -9.37    3.99
 -72155.651   185.576    -5.60    4.06
 -71780.416   183.807    -4.71    3.47
 -71405.172   182.705    -2.94    3.01
 -71029.920   181.830    -2.33    2.93
 -70654.659   181.008    -2.19    2.77
 -70279.390   179.858    -3.06    3.20
 -69904.113   179.493    -0.97    4.10
 -69528.828   182.602     8.28    7.51
 -69153.535   190.330    20.59   12.64
 -68778.233   197.369    18.75   10.96
 -68402.923   203.680    16.82    7.59
 -68027.604   208.320    12.36    7.55
 -67652.278   212.987    12.43    9.77
 -67276.943   216.980    10.64    8.74
 -66901.599   218.910     5.14    8.56
 -66526.248   218.462    -1.19   10.75
 -66150.888   219.230     2.05   10.46
 -65775.519   219.180    -0.13    9.37
 -65400.143   216.099    -8.21    9.45
 -65024.758   212.267   -10.21    9.51
 -64649.365   205.105   -19.08    9.29
 -64273.963   197.499   -20.26    9.69
 -63898.554   194.180    -8.84    9.25
 -63523.136   192.217    -5.23    6.50
 -63147.709   192.930     1.90    6.12
 -62772.274   197.038    10.94    6.92
 -62396.831   200.271     8.61    7.36
 -62021.380   207.099    18.19   12.68
 -61645.920   217.647    28.09   16.75
 -61270.452   227.180    25.39   18.78
 -60894.976   236.115    23.79   18.02
 -60519.491   237.780     4.44   16.01
 -60143.998   238.499     1.92   13.64
 -59768.496   248.257    25.98   24.48
 -59392.987   261.438    35.10   30.76
 -59017.469   273.294    31.57   32.27
 -58641.942   279.405    16.27   29.13
 -58266.407   281.155     4.66   15.83
 -57890.864   289.064    21.06   21.69
 -57515.313   298.560    25.28   21.37
 -57139.753   310.993    33.11   18.99
 -56764.184   318.205    19.20   16.23
 -56388.608   328.987    28.71   18.03
 -56013.023   332.267     8.73   18.07
 -55637.429   334.930     7.09   22.21
 -55261.828   331.452    -9.26   21.68
 -54886.218   329.914    -4.09   21.45
 -54510.599   324.914   -13.31   17.95
 -54134.972   319.012   -15.71   10.57
 -53759.337   320.038     2.73   11.93
 -53383.693   320.130     0.25   12.69
 -53008.041   318.628    -4.00   13.79
 -52632.381   315.783    -7.57   14.07
 -52256.712   310.355   -14.45   10.47
 -51881.035   305.267   -13.54    8.17
 -51505.350   301.520    -9.97    7.55
 -51129.656   296.730   -12.75    5.37
 -50753.953   294.020    -7.21    4.77
 -50378.243   291.974    -5.44    5.47
 -50002.523   290.115    -4.95    6.43
 -49626.796   288.166    -5.19    8.26
 -49251.060   285.330    -7.55    8.87
 -48875.316   281.602    -9.92    6.95
 -48499.563   277.608   -10.63    5.68
 -48123.802   274.163    -9.17    4.55
 -47748.032   271.364    -7.45    3.88
 -47372.254   269.546    -4.84    2.75
 -46996.467   268.064    -3.94    2.99
 -46620.673   266.330    -4.61    2.96
 -46244.869   264.467    -4.96    3.67
 -45869.058   262.525    -5.17    3.66
 -45493.237   260.320    -5.87    3.93
 -45117.409   257.546    -7.38    4.54
 -44741.572   254.680    -7.62    4.58
 -44365.726   251.786    -7.70    4.97
 -43989.872   248.511    -8.71    4.61
 -43614.010   246.935    -4.19    5.71
 -43238.139   247.371     1.16   12.41
 -42862.260   246.756    -1.64   13.10
 -42486.372   246.678    -0.21   13.14
 -42110.476   242.438   -11.28   10.37
 -41734.572   239.782    -7.07    7.59
 -41358.659   237.980    -4.79    9.37
 -40982.737   235.269    -7.21    9.41
 -40606.807   232.580    -7.15    9.77
 -40230.869   226.072   -17.31    9.42
 -39854.922   221.467   -12.25    8.91
 -39478.966   220.630    -2.23    7.53
 -39103.003   222.905     6.05    8.55
 -38727.030   225.955     8.11    9.25
 -38351.049   225.730    -0.60    7.14
 -37975.060   224.163    -4.17    7.17
 -37599.062   222.973    -3.16    3.92
 -37223.056   223.836     2.29    4.59
 -36847.041   225.605     4.71    4.96
 -36471.018   228.633     8.05    5.35
 -36094.987   230.166     4.08    4.97
 -35718.946   228.155    -5.35    6.32
 -35342.898   224.783    -8.97    7.99
 -34966.841   219.080   -15.16    7.45
 -34590.775   212.877   -16.50    6.68
 -34214.701   207.888   -13.26    7.73
 -33838.618   201.780   -16.24    8.07
 -33462.527   196.783   -13.29    6.47
 -33086.427   193.778    -7.99    5.73
 -32710.319   189.782   -10.63    4.95
 -32334.202   185.955   -10.17    6.31
 -31958.077   182.525    -9.12    7.16
 -31581.943   176.628   -15.68    6.87
 -31205.801   172.267   -11.59    7.04
 -30829.650   167.514   -12.64    4.79
 -30453.491   164.535    -7.92    4.52
 -30077.323   161.499    -8.07    5.50
 -29701.147   158.397    -8.25    6.86
 -29324.962   154.072   -11.50    7.22
 -28948.769   149.362   -12.52    8.05
 -28572.567   144.780   -12.18    7.64
 -28196.356   139.910   -12.95    7.56
 -27820.137   136.012   -10.36    7.27
 -27443.910   132.141   -10.29    8.13
 -27067.674   127.675   -11.87    9.01
 -26691.429   123.755   -10.42    8.83
 -26315.176   118.371   -14.31    7.63
 -25938.914   112.499   -15.61    6.75
 -25562.644   107.080   -14.40    7.21
 -25186.365   101.782   -14.08    6.22
 -24810.077    97.855   -10.43    5.50
 -24433.781    94.807    -8.10    4.08
 -24057.477    92.805    -5.32    3.09
 -23681.164    90.493    -6.14    3.87
 -23304.842    87.807    -7.14    4.16
 -22928.512    84.803    -7.98    4.61
 -22552.173    81.730    -8.17    3.27
 -22175.826    79.499    -5.93    2.78
 -21799.470    79.346    -0.41    3.22
 -21423.105    79.448     0.27    3.59
 -21046.732    80.655     3.21    4.39
 -20670.350    82.952     6.10    4.91
 -20293.960    85.993     8.08    5.81
 -19917.561    88.705     7.20    4.28
 -19541.153    89.807     2.93    4.08
 -19164.737    91.145     3.55    4.31
 -18788.313    92.362     3.23    4.82
 -18411.879    93.955     4.23    4.21
 -18035.437    96.064     5.60    5.04
 -17658.987    97.833     4.70    6.02
 -17282.528    99.705     4.97    6.65
 -16906.060   103.525    10.15    6.99
 -16529.584   109.047    14.67   12.51
 -16153.099   114.757    15.16   12.64
 -15776.605   120.255    14.60   11.17
 -15400.103   124.572    11.47    9.54
 -15023.592   124.530    -0.11   11.17
 -14647.073   123.730    -2.12   14.74
 -14270.545   120.993    -7.27   16.48
 -13894.008   117.530    -9.20   14.87
 -13517.463   111.987   -14.72    6.94
 -13140.909   110.120    -4.96    5.19
 -12764.347   110.605     1.29    5.30
 -12387.775   111.244     1.70    5.22
 -12011.196   117.020    15.34    8.21
 -11634.607   129.294    32.59   15.74
 -11258.010   138.756    25.12   15.96
 -10881.404   146.602    20.83    9.85
 -10504.790   147.255     1.73    7.83
 -10128.167   141.038   -16.51    8.85
  -9751.535   134.647   -16.97    9.23
  -9375.756   127.630   -18.67   10.08
  -9000.830   121.340   -16.78    9.02
  -8625.894   117.625    -9.91    7.89
  -8250.950   115.805    -4.85    8.83
  -7875.998   114.178    -4.34    9.75
  -7501.037   112.380    -4.79   10.61
  -7126.067   109.858    -6.73   12.34
  -6751.089   104.980   -13.01   12.42
  -6376.102   101.884    -8.26   12.44
  -6001.106    99.679    -5.88   13.46
  -5626.102    90.096   -25.55   23.74
  -5251.090    75.175   -39.79   31.68
  -4876.069    56.320   -50.28   28.28
  -4501.039    38.525   -47.45   11.63
  -4126.000    35.499    -8.07    7.50
  -3750.953    36.655     3.08    8.53
  -3375.898    36.541    -0.30    9.82
  -3000.833    38.072     4.08    9.54
  -2625.760    33.551   -12.06   10.79
  -2250.679    34.455     2.41   13.08
  -1875.589    36.364     5.09   14.53
  -1500.490    34.046    -6.18   18.06
  -1125.383    27.130   -18.44   23.11
   -750.267    18.678   -22.53   21.22
   -375.142     8.230   -27.85   13.96
     -0.009     2.480   -15.33    6.56
    375.133     0.467    -5.37    1.84
    750.284     1.230     2.03    2.51
   1125.443     1.782     1.47    2.73
   1500.611     2.974     3.18    2.96
   1875.787     4.862     5.03    3.00
   2250.972     6.555     4.51    3.59
   2626.166     7.935     3.68    4.40
   3001.368    11.580     9.71    6.69
   3376.579    14.655     8.20    7.22
   3751.799    17.757     8.27    6.88
   4127.027    20.499     7.31    5.15
   4502.264    22.730     5.94    5.10
   4877.510    26.217     9.29    6.15
   5252.764    30.064    10.25    5.35
   5628.027    32.925     7.62    4.84
   6003.299    34.530     4.28    4.12
   6378.579    36.038     4.02    6.66
   6753.868    38.935     7.72    8.16
   7129.166    39.705     2.05    7.31
   7504.472    41.935     5.94    6.59
   7879.787    44.486     6.80    5.71
   8255.111    46.967     6.61    6.47
   8630.443    50.080     8.29    6.67
   9005.784    53.628     9.45    6.97
   9381.134    56.730     8.27    7.01
   9756.493    61.242    12.02    7.43
  10131.860    63.653     6.42    6.13
  10507.236    65.230     4.20    4.11
  10882.620    66.941     4.56    3.34
  11258.013    69.852     7.76    5.93
  11633.415    77.397    20.10   20.38
  12008.826    87.243    26.23   24.77
  12384.245    90.809     9.50   23.14
  12759.673    91.230     1.12   20.76
  13135.110    90.405    -2.20   13.05
  13510.556    90.576     0.46    6.33
  13886.010    95.269    12.50    8.24
  14261.473   100.499    13.93    9.47
  14636.945   113.730    35.24   27.21
  15012.425   126.218    33.26   32.02
  15387.914   131.423    13.86   29.76
  15763.412   133.782     6.28   26.59
  16138.918   130.630    -8.39   19.63
  16514.434   126.756   -10.32    7.81
  16889.958   131.205    11.85    8.22
  17265.491   137.628    17.10    9.02
  17641.032   143.980    16.92    8.93
  18016.582   151.020    18.74    9.87
  18392.141   158.730    20.53   10.46
  18767.709   165.780    18.77    8.05
  19143.286   171.175    14.36    6.61
  19518.871   170.371    -2.14    7.39
  19894.465   165.980   -11.69    8.88
  20270.068   161.166   -12.82    9.74
  20645.679   154.605   -17.47    8.43
  21021.299   150.653   -10.52    7.29
  21396.929   148.572    -5.54    6.76
  21772.566   147.892    -1.81    8.50
  22148.213   146.855    -2.76    9.15
  22523.868   145.803    -2.80    8.13
  22899.532   145.320    -1.29    6.57
  23275.205   148.455     8.35    6.94
  23650.887   153.388    13.13    6.92
  24026.578   158.925    14.74    7.78
  24402.277   165.180    16.65    8.28
  24777.985   171.192    16.00    7.72
  25153.702   177.230    16.07    7.92
  25529.427   182.397    13.75    7.24
  25905.162   187.802    14.38    7.90
  26280.905   193.467    15.08    7.43
  26656.657   198.987    14.69    8.29
  27032.418   204.230    13.95    7.51
  27408.187   206.980     7.32    6.98
  27783.966   209.130     5.72    6.48
  28159.753   210.452     3.52    5.85
  28535.549   212.012     4.15    6.31
  28911.354   215.230     8.56    8.06
  29287.167   219.441    11.20    8.61
  29662.990   224.782    14.21    8.94
  30038.821   228.783    10.65    7.81
  30414.661   230.730     5.18    6.85
  30790.510   229.046    -4.48    8.67
  31166.368   224.038   -13.32   11.09
  31542.235   216.974   -18.79   11.21
  31918.110   210.858   -16.27    9.30
  32293.994   210.535    -0.86    8.46
  32669.887   213.012     6.59   10.31
  33045.789   215.680     7.10    8.59
  33421.700   215.679    -0.00    8.02
  33797.620   214.115    -4.16    8.24
  34173.548   209.852   -11.34    8.00
  34549.485   207.625    -5.92    7.77
  34925.432   208.130     1.34    8.88
  35301.387   211.151     8.04   10.45
  35677.351   217.096    15.81   10.12
  36053.323   219.830     7.27    9.12
  36429.305   221.888     5.47    9.29
  36805.295   222.269     1.01    8.19
  37181.295   225.280     8.01    9.68
  37557.303   229.217    10.47    9.92
  37933.320   236.269    18.75    9.86
  38309.346   242.493    16.55   10.74
  38685.380   245.336     7.56    9.39
  39061.424   246.008     1.79    8.53
  39437.477   242.405    -9.58    8.48
  39813.538   237.505   -13.03    7.28
  40189.608   233.448   -10.79    6.62
  40565.688   230.755    -7.16    6.29
  40941.776   230.809     0.14    7.14
  41317.873   237.992    19.10   15.49
  41693.978   243.679    15.12   15.27
  42070.093   245.680     5.32   13.80
  42446.217   248.955     8.71   12.22
  42822.349   246.141    -7.48    8.27
  43198.491   249.564     9.10    8.08
  43574.641   256.038    17.21    8.29
  43950.801   260.141    10.91    8.33
  44326.969   265.397    13.97    6.31
  44703.146   267.405     5.34    6.12
  45079.332   265.505    -5.05    7.14
  45455.527   265.341    -0.44    7.51
  45831.731   264.499    -2.24    6.70
  46207.943   265.730     3.27    6.05
  46584.165   268.388     7.06    6.28
  46960.396   271.705     8.82    6.57
  47336.635   275.599    10.35    7.40
  47712.884   281.653    16.09   10.55
  48089.141   287.269    14.92   10.20
  48465.407   291.309    10.74    9.83
  48841.683   294.755     9.16    8.79
  49217.967   296.546     4.76    8.41
  49594.260   300.267     9.89    8.24
  49970.562   304.038    10.02   10.02
  50346.873   307.230     8.48   10.37
  50723.193   311.255    10.70    9.59
  51099.522   312.961     4.53    9.07
  51475.860   313.683     1.92    6.68
  51852.207   315.309     4.32    5.35
  52228.563   317.355     5.44    5.17
  52604.928   320.414     8.13    4.79
  52981.302   323.096     7.13    5.89
  53357.684   327.555    11.85    6.17
  53734.076   331.782    11.23    5.46
  54110.477   336.530    12.62    5.48
  54486.886   341.055    12.02    5.84
  54863.305   343.047     5.29    5.08
  55239.733   343.355     0.82    4.58
  55616.169   339.967    -9.00    5.53
  55992.615   335.649   -11.47    5.13
  56369.069   332.786    -7.61    4.62
  56745.533   330.205    -6.85    4.41
  57122.005   329.530    -1.79    4.54
  57498.487   330.330     2.13    5.97
  57874.977   333.080     7.30    5.87
  58251.477   334.441     3.61    5.16
  58627.986   336.047     4.27    4.67
  59004.503   334.925    -2.98    4.57
  59381.030   335.192     0.71    4.73
  59757.565   336.855     4.42    4.51
  60134.110   336.346    -1.35    5.03
  60510.663   336.779     1.15    4.50
  60887.226   337.551     2.05    4.13
  61263.798   338.833     3.40    4.67
  61640.378   341.961     8.31    5.53
  62016.968   345.423     9.19    4.76
  62393.566   345.608     0.49    4.15
  62770.174   344.433    -3.12    4.99
  63146.791   341.653    -7.38    5.16
  63523.417   338.576    -8.17    4.68
  63900.052   334.499   -10.83    6.36
  64276.695   330.005   -11.93    6.85
  64653.348   326.836    -8.42    5.57
  65030.010   327.089     0.67    7.62
  65406.681   330.625     9.39   10.82
  65781.686   335.782    13.75   11.42
  66156.568   338.705     7.80    9.93
  66531.459   340.008     3.48    7.13
  66906.359   341.480     3.93    6.00
  67281.267   340.653    -2.21    6.31
  67656.185   336.423   -11.28    8.28
  68031.112   332.530   -10.38    9.18
  68406.047   328.884    -9.73    8.52
  68780.992   324.999   -10.36    9.83
  69155.945   322.809    -5.84   11.23
  69530.908   319.655    -8.41    9.88
  69905.879   319.166    -1.30    7.80
  70280.860   320.364     3.20    5.94
  70655.850   323.217     7.61    5.83
  71030.848   327.679    11.90    5.78
  71405.856   332.657    13.28    6.95
  71780.872   337.568    13.10    7.33
  72155.897   341.242     9.80    6.88
  72530.932   346.679    14.50    7.52
  72905.975   348.884     5.88    7.42
  73281.028   352.346     9.23    7.22
  73656.089   356.072     9.94    6.25
  74031.160   359.405     8.89    7.11
  74406.239   362.679     8.73    5.59
  74781.328   364.141     3.90    5.07
  75156.425   365.413     3.39    4.88
  75531.532   367.811     6.39    5.13
  75906.648   369.852     5.44    5.34
  76281.772   373.833    10.61    5.40
  76656.906   377.455     9.66    6.04
  77032.048   380.205     7.33    6.64
  77407.200   382.525     6.18    7.49
  77782.361   384.364     4.90    7.20
  78157.531   386.257     5.04    6.32
  78532.709   387.980     4.59    5.63
  78907.897   389.651     4.45    5.34
  79283.094   391.218     4.18    5.81
  79658.300   393.462     5.98    6.32
  80033.515   395.230     4.71    7.03
  80408.739   398.935     9.87    6.65
  80783.972   402.628     9.84    5.73
  81159.214   405.012     6.36    5.93
  81534.465   407.783     7.38    6.41
  81909.726   410.362     6.87    6.81
  82284.995   413.628     8.70    6.63
  82660.273   414.980     3.60    6.59
  83035.561   416.130     3.06    5.99
  83410.857   412.555    -9.53    6.42
  83786.163   408.555   -10.66    8.33
  84161.477   402.499   -16.14    9.76
  84536.801   396.836   -15.09    7.44
  84912.134   393.683    -8.40    5.94
  85287.476   391.628    -5.48    5.84
  85662.827   390.705    -2.46    5.51
  86038.187   391.474     2.05    4.91
  86413.556   392.080     1.62    5.72
  86788.934   391.291    -2.10    6.93
  87164.321   390.151    -3.04    7.89
  87539.718   389.105    -2.79    7.39
  87915.123   390.089     2.62    7.33
  88290.538   394.218    11.00    7.19
  88665.961   399.955    15.28    5.98
  89041.394   403.730    10.06    7.52
  89416.836   408.320    12.23    8.86
  89792.287   413.493    13.78    9.24
  90167.747   416.080     6.89   10.38
  90543.216   419.655     9.52   10.67
  90918.695   423.205     9.46   10.33
  91294.182   426.089     7.68    9.90
  91669.679   429.564     9.25   10.52
  92045.185   430.005     1.18    9.89
  92420.699   431.730     4.59    9.24
  92796.223   431.884     0.41    7.85
  93171.757   433.530     4.38    6.31
  93547.299   435.320     4.77    6.21
  93922.850   439.980    12.41    9.48
  94298.411   446.064    16.20   10.38
  94673.980   451.430    14.29    9.78
  95049.559   458.115    17.80    9.68
  95425.147   460.910     7.44   10.79
  95800.744   463.047     5.69    9.82
  96176.350   465.809     7.35    9.93
  96551.966   465.141    -1.78    6.39
  96927.590   468.305     8.43    6.99
  97303.224   469.805     3.99    6.40
  97678.867   473.955    11.05    6.40
  98054.519   477.841    10.35    5.76
  98430.180   482.109    11.36    6.02
  98805.851   487.809    15.18    6.35
  99181.530   492.530    12.57    7.87
  99557.219   497.438    13.06    8.18
  99932.917   503.955    17.35    9.67
 100308.624   509.880    15.77   10.08
 100684.340   515.993    16.27   11.00
 101060.066   522.194    16.50    8.84
 101435.800   526.901    12.53    7.94
 101811.544   529.499     6.92    6.93
 102187.297   530.655     3.08    5.90
 102563.059   531.467     2.16    6.30
 102938.830   533.945     6.59   10.39
 103314.611   537.330     9.01   13.12
 103690.401   541.166    10.21   11.96
 104066.200   539.730    -3.82   11.03
 104442.008   537.166    -6.82    7.63
 104817.825   535.096    -5.51    6.85
 105193.652   534.352    -1.98    7.20
 105569.488   533.608    -1.98    8.25
 105945.333   533.397    -0.56    7.92
 106321.187   536.576     8.46    7.99
 106697.050   539.555     7.93    7.40
 107072.923   543.783    11.25    8.95
 107448.805   553.448    25.72   14.29
 107824.696   559.269    15.49   14.34
 108200.597   565.038    15.35   13.01
 108576.506   572.340    19.43   13.19
 108952.425   575.325     7.94   15.74
 109328.353   569.242   -16.18   11.29
 109704.290   562.141   -18.89   12.20
 110080.237   555.230   -18.38    9.15
 110456.193   553.030    -5.85   11.27
 110832.158   554.423     3.70   22.52
 111208.132   559.468    13.42   43.54
 111584.115   550.862   -22.89   32.82
 111960.108   538.505   -32.87   15.62
 112336.110   531.423   -18.84    7.76
 112712.121   526.242   -13.78    6.95
 113088.142   520.584   -15.05    7.36
 113464.172   515.397   -13.80    7.17
 113840.211   509.305   -16.20    7.69
 114216.259   505.243   -10.80    6.35
 114592.317   506.877     4.34    8.84
 114968.384   510.580     9.85   11.15
 115344.460   518.730    21.67   15.42
 115720.545   528.371    25.64   14.39
 116096.640   534.862    17.26   12.87
 116472.744   538.130     8.69    9.32
 116848.857   537.423    -1.88    8.31
 117224.980   538.884     3.89    9.14
 117601.112   541.782     7.70    9.82
 117977.253   545.508     9.91    8.43
 118353.403   547.080     4.18    6.27
 118729.563   544.505    -6.85    6.71
 119105.732   540.628   -10.31    8.56
 119481.911   534.655   -15.88    9.06
 119858.098   529.756   -13.02    8.02
 120234.295   525.849   -10.39    6.59
 120610.502   521.756   -10.88    5.81
 120986.717   518.005    -9.97    6.94
 121362.942   515.105    -7.71    6.23
 121739.176   514.576    -1.41    7.33
 122115.420   515.016     1.17    8.88
 122491.673   518.836    10.15    7.73
 122867.935   521.430     6.90    7.12
 123244.206   521.605     0.47    5.12
 123620.487   520.630    -2.59    5.96
 123996.777   516.880    -9.97    8.43
 124373.077   512.119   -12.65    7.15
 124749.386   509.125    -7.96    6.35
 125125.704   508.679    -1.19    5.83
 125502.031   510.679     5.31    5.06
 125878.368   514.269     9.54    6.14
 126254.714   518.955    12.45    6.79
 126631.070   522.756    10.10    5.54
 127007.435   526.336     9.51    5.94
 127383.809   530.230    10.35    6.46
 127760.193   532.730     6.64    7.10
 128136.586   535.362     6.99    6.39
 128512.988   538.080     7.22    5.61
 128889.400   540.257     5.78    5.94
 129265.821   545.302    13.40    7.70
 129642.251   550.405    13.56    7.52
 130018.691   553.807     9.04    6.17
 130395.140   555.145     3.55    6.31
 130771.599   551.914    -8.58    7.53
 131148.067   547.779   -10.99    8.12
 131524.544   543.320   -11.85    7.75
 131901.031   538.999   -11.48    7.15
 132277.527   535.038   -10.52    5.96
 132654.033   531.679    -8.92    4.62
 133030.547   530.267    -3.75    4.24
 133407.072   529.602    -1.77    5.61
 133783.605   528.023    -4.19    5.98
 134160.148   526.576    -3.84    6.02
 134536.701   526.038    -1.43    5.17
 134913.263   526.089     0.14    5.75
 135289.834   530.423    11.51   13.08
 135666.415   535.880    14.49   14.35
 136043.005   539.987    10.91   13.51
 136419.604   544.705    12.53   15.32
 136796.213   544.397    -0.82   11.12
 137172.832   542.730    -4.43    8.87
 137549.459   537.805   -13.08   11.17
 137926.097   530.230   -20.11   11.16
 138302.743   526.371   -10.25    8.49
 138679.399   529.655     8.72    9.35
 139056.065   534.448    12.73    9.67
 139432.740   540.492    16.05    9.08
 139809.424   545.243    12.61    8.88
 140186.118   549.280    10.72   11.86
 140562.153   560.330    29.39   15.59
 140936.980   565.730    14.41   13.57
 141311.817   565.230    -1.33   12.70
 141686.663   563.783    -3.86   12.88
 142061.518   561.180    -6.94   10.66
 142436.383   561.680     1.33   10.12
 142811.257   568.438    18.03   11.55
 143186.140   576.555    21.66    8.98
 143561.033   582.325    15.39    6.57
 143935.935   583.625     3.47    5.11
 144310.847   580.987    -7.04    6.32
 144685.768   579.155    -4.89    6.50
 145060.698   577.055    -5.60    6.80
 145435.638   576.930    -0.33    8.26
 145810.587   575.405    -4.07    9.60
 146185.545   573.151    -6.01   10.20
 146560.513   570.880    -6.06    8.55
 146935.490   564.380   -17.34    8.63
 147310.477   561.012    -8.98    8.27
 147685.473   558.880    -5.69    8.42
 148060.478   557.038    -4.91    9.66
 148435.493   558.405     3.65   10.17
 148810.517   559.679     3.40    9.41
 149185.551   559.755     0.20    7.53
 149560.594   557.961    -4.78    6.92
 149935.646   555.320    -7.04    6.72
 150310.708   551.706    -9.64    8.66
 150685.779   547.257   -11.87    7.40
 151060.859   544.530    -7.27    6.57
 151435.949   542.305    -5.93    8.01
 151811.049   541.930    -1.00    8.28
 152186.157   541.830    -0.27    6.95
 152561.276   542.525     1.85    5.94
 152936.403   547.109    12.22    7.84
 153311.540   554.757    20.39    9.72
 153686.687   563.455    23.19   10.30
 154061.843   570.023    17.51    7.48
 154437.008   573.355     8.88    6.59
 154812.183   572.980    -1.00    7.83
 155187.367   569.283    -9.86    8.87
 155562.561   568.183    -2.93    7.91
 155937.764   567.961    -0.59    5.82
 156312.977   569.858     5.06    6.24
 156688.199   573.280     9.12    6.94
 157063.430   574.294     2.70    7.16
 157438.671   572.135    -5.76    8.60
 157813.921   568.448    -9.83    9.00
 158189.181   564.155   -11.44    9.03
 158564.450   559.782   -11.66    8.57
 158939.729   555.974   -10.15    8.51
 159315.017   549.930   -16.11    8.22
 159690.315   543.091   -18.22    9.25
 160065.622   539.178   -10.43    8.30
 160440.939   535.980    -8.52    6.43
 160816.265   535.858    -0.32    6.84
 161191.600   539.330     9.25    6.22
 161566.945   541.955     6.99    6.72
 161942.300   546.397    11.83    7.22
 162317.664   549.352     7.87    5.70
 162693.037   547.830    -4.05    7.65
 163068.420   543.145   -12.48    9.89
 163443.813   536.397   -17.98    9.31
 163819.215   528.405   -21.29    8.95
 164194.626   523.336   -13.51    9.20
 164570.047   519.230   -10.94    8.31
 164945.478   517.243    -5.29    7.50
 165320.918   518.480     3.30    8.19
 165696.367   522.655    11.12    9.91
 166071.826   527.064    11.74    9.46
 166447.294   532.254    13.83    8.70
 166822.772   537.551    14.11    7.91
 167198.260   539.605     5.47    6.93
 167573.757   538.605    -2.66    7.58
 167949.264   538.280    -0.87    5.92
 168324.780   534.855    -9.12    7.96
 168700.305   527.869   -18.61    9.29
 169075.840   520.493   -19.64    9.89
 169451.385   510.730   -26.00    9.16
 169826.939   504.346   -17.00    7.67
 170202.503   500.064   -11.40    6.36
 170578.076   499.230    -2.22    6.00
 170953.659   500.192     2.56    6.70
 171329.251   504.783    12.22    7.50
 171704.853   511.105    16.83    7.88
 172080.465   516.730    14.98    8.61
 172456.086   521.910    13.79    8.54
 172831.716   527.380    14.57    6.90
 173207.357   530.072     7.17    4.96
 173583.006   529.413    -1.75    5.17
 173958.665   525.855    -9.47    6.65
 174334.334   523.038    -7.50    6.79
 174710.013   519.380    -9.74    7.34
 175085.701   515.961    -9.10    7.40
 175461.398   510.397   -14.81    7.93
 175837.105   505.914   -11.93    6.96
 176212.822   501.192   -12.57    6.94
 176588.548   495.680   -14.67    7.32
 176964.284   489.830   -15.57    8.35
 177340.029   484.930   -13.04    7.26
 177715.784   481.758    -8.44    6.06
 178091.549   480.653    -2.94    7.18
 178467.323   479.294    -3.62    7.47
 178843.107   475.441   -10.26    8.82
 179218.900   473.012    -6.46    8.15
 179594.703   470.704    -6.14    6.72
 179970.516   473.602     7.71    8.07
 180346.338   481.809    21.84    9.19
 180722.170   488.242    17.12    8.40
 181098.011   491.828     9.54    5.86
 181473.862   492.836     2.68    5.44
 181849.723   489.205    -9.66    5.94
 182225.593   485.546    -9.74    5.75
 182601.473   480.516   -13.38    6.70
 182977.362   475.955   -12.13    6.22
 183353.261   473.910    -5.44    6.37
 183729.170   473.779    -0.35    7.31
 184105.088   475.072     3.44    7.11
 184481.016   475.803     1.94    6.60
 184856.954   474.705    -2.92    7.04
 185232.901   472.852    -4.93    6.40
 185608.858   470.330    -6.71    5.71
 185984.824   469.551    -2.07    5.56
 186360.801   469.901     0.93    5.62
 186736.786   471.625     4.59    5.52
 187112.782   471.901     0.73    5.29
 187488.787   470.217    -4.48    6.42
 187864.802   466.192   -10.71    6.25
 188240.826   464.180    -5.35    6.91
 188616.860   462.599    -4.21    7.40
 188992.904   460.080    -6.70    7.14
 189368.957   458.243    -4.89    6.57
 189745.020   456.064    -5.80    6.73
 190121.093   452.145   -10.42    7.87
 190497.176   445.217   -18.42    8.39
 190873.268   437.242   -21.21    8.81
 191249.369   432.269   -13.23    8.57
 191625.481   428.930    -8.88    8.40
 192001.602   425.630    -8.77    8.07
 192377.733   424.679    -2.53    7.77
 192753.873   423.111    -4.17    6.62
 193130.023   421.704    -3.74    5.12
 193506.183   420.330    -3.65    5.00
 193882.353   418.730    -4.25    5.00
 194258.532   418.584    -0.39    5.66
 194634.721   416.681    -5.06    6.39
 195010.920   416.467    -0.57    6.87
 195387.128   417.730     3.36    8.12
 195763.346   421.269     9.41    8.67
 196139.574   426.242    13.22    9.31
 196515.812   429.455     8.54    9.07
 196892.059   431.836     6.33    8.48
 197268.316   429.269    -6.82    8.65
 197644.582   424.455   -12.79    8.82
 198020.859   423.530    -2.46    7.87
 198397.145   425.987     6.53    8.80
 198773.441   430.371    11.65    9.80
 199149.746   438.309    21.10    8.73
 199526.062   443.619    14.11    6.91
 199902.387   447.305     9.80    6.66
 200278.721   449.355     5.45    7.00
 200655.066   451.130     4.72    6.66
 201031.420   450.130    -2.66    5.89
 201407.784   446.651    -9.24    6.33
 201784.158   443.492    -8.39    6.99
 202160.541   438.576   -13.06    6.84
 202536.935   434.180   -11.68    7.49
 202913.337   429.880   -11.43    8.29
 203289.750   426.730    -8.37    8.42
 203666.173   422.325   -11.70    8.71
 204042.605   417.320   -13.30    7.95
 204419.047   413.130   -11.13    6.91
 204795.499   409.089   -10.74    6.08
 205171.960   404.630   -11.85    6.70
 205548.432   400.880    -9.96    7.11
 205924.913   398.536    -6.23    5.93
 206301.404   400.012     3.92    7.70
 206677.905   403.705     9.81    9.26
 207054.415   411.679    21.18    9.35
 207430.935   416.580    13.02    8.01
 207807.465   419.858     8.71    7.43
 208184.005   421.625     4.69    7.97
 208560.555   422.551     2.46    7.93
 208937.114   425.605     8.11    7.24
 209313.683   429.535    10.44    8.91
 209690.262   435.830    16.72    9.67
 210066.851   443.030    19.12    7.60
 210443.450   445.756     7.24    5.81
 210820.058   444.355    -3.72    6.53
 211196.677   442.316    -5.42    6.61
 211573.305   441.525    -2.10    7.45
 211949.943   443.055     4.06    7.84
 212326.590   442.257    -2.12    8.24
 212703.248   441.849    -1.08    8.06
 213079.915   442.423     1.52    7.78
 213456.592   443.397     2.59    7.65
 213833.279   445.706     6.13    6.98
 214209.976   446.362     1.74    6.71
 214586.683   447.828     3.89    5.89
 214963.399   448.653     2.19    4.54
 215340.126   447.608    -2.77    6.22
 215715.331   444.423    -8.49    7.46
 216090.121   438.807   -14.98    6.98
 216464.921   433.880   -13.15    7.46
 216839.731   429.089   -12.78    8.20
 217214.550   427.255    -4.89    8.06
 217589.379   428.576     3.53    8.98
 217964.218   430.423     4.93    9.12
 218339.066   432.980     6.82    8.28
 218713.925   430.599    -6.35    9.45
 219088.793   426.005   -12.26    9.24
 219463.671   421.782   -11.27    8.67
 219838.558   415.910   -15.66    8.76
 220213.456   410.364   -14.79    8.56
 220588.363   407.141    -8.60    7.58
 220963.280   403.877    -8.71    8.01
 221338.206   401.204    -7.13    8.49
 221713.143   399.802    -3.74    8.47
 222088.089   398.397    -3.75    7.02
 222463.045   398.243    -0.41    7.27
 222838.011   400.680     6.50    9.16
 223212.986   404.474    10.12   10.58
 223587.972   406.145     4.46   10.57
 223962.967   405.967    -0.47    9.39
 224337.972   406.828     2.30   10.29
 224712.986   406.551    -0.74   10.68
 225088.011   406.780     0.61   10.33
 225463.045   407.880     2.93    8.92
 225838.089   407.125    -2.01    8.49
 226213.143   405.423    -4.54    7.79
 226588.207   402.005    -9.11    8.33
 226963.281   398.038   -10.58    8.30
 227338.364   394.462    -9.54    8.13
 227713.457   387.961   -17.33   10.53
 228088.560   381.364   -17.59   10.13
 228463.673   379.141    -5.93    8.31
 228838.795   381.805     7.10   10.63
 229213.928   385.706    10.40   10.74
 229589.070   388.530     7.53   11.14
 229964.222   393.030    12.00   10.87
 230339.384   392.467    -1.50    9.84
 230714.556   393.635     3.11    8.11
 231089.738   394.930     3.45    7.13
 231464.929   395.530     1.60    9.02
 231840.130   397.525     5.32    9.22
 232215.341   397.141    -1.03    8.90
 232590.562   395.047    -5.58    7.94
 232965.793   393.993    -2.81    7.04
 233341.034   392.755    -3.30    7.92
 233716.285   393.756     2.67    8.76
 234091.545   394.243     1.30    9.15
 234466.815   393.005    -3.30    8.61
 234842.095   391.151    -4.94    8.77
 235217.385   389.151    -5.33    6.75
 235592.685   387.935    -3.24    6.20
 235967.995   389.961     5.40    7.60
 236343.315   393.218     8.68    8.20
 236718.644   397.505    11.42    8.69
 237093.983   400.255     7.33    7.18
 237469.333   400.371     0.31    6.02
 237844.692   398.755    -4.31    6.68
 238220.061   393.462   -14.10    8.15
 238595.440   390.089    -8.99    7.36
 238970.828   391.630     4.11   15.31
 239346.227   405.572    37.14   46.52
 239721.636   409.754    11.14   53.30
 240097.054   397.655   -32.23   54.05
 240472.482   382.602   -40.10   40.01
 240847.921   365.987   -44.26   13.12
 241223.369   367.833     4.92   14.67
 241598.827   380.877    34.75   24.47
 241974.295   402.414    57.37   31.14
 242349.773   418.180    41.99   35.10
 242725.261   434.655    43.88   34.43
 243100.759   443.055    22.37   28.94
 243476.266   440.580    -6.59   29.08
 243851.784   431.546   -24.06   28.17
 244227.311   423.809   -20.61   18.06
 244602.849   416.474   -19.54   14.13
 244978.396   413.012    -9.22   13.62
 245353.953   408.803   -11.21   11.04
 245729.521   407.255    -4.12    9.13
 246105.098   410.780     9.39    9.31
 246480.685   415.730    13.18    8.14
 246856.282   420.657    13.12    7.62
 247231.889   424.828    11.11    9.18
 247607.506   428.525     9.84   11.12
 247983.133   434.730    16.52   12.49
 248358.770   440.151    14.43   11.22
 248734.417   443.730     9.53   10.45
 249110.074   447.630    10.38   11.81
 249485.740   444.405    -8.59   12.56
 249861.417   440.291   -10.95   16.50
 250237.104   432.935   -19.58   16.43
 250612.800   424.438   -22.62   14.17
 250988.507   419.441   -13.30   12.97
 251364.224   412.633   -18.12   12.62
 251739.950   408.680   -10.52   13.21
 252115.687   405.605    -8.19   12.06
 252491.433   403.530    -5.52   10.76
 252867.190   400.520    -8.01    9.98
 253242.957   400.030    -1.30    8.58
 253618.733   397.628    -6.39    9.11
 253994.520   395.628    -5.32   11.41
 254370.316   390.243   -14.33   11.95
 254746.123   388.525    -4.57   12.43
 255121.939   390.130     4.27   14.48
 255497.766   392.884     7.33   14.13
 255873.602   397.950    13.48    9.60
 256249.449   398.901     2.53   10.42
 256625.305   397.705    -3.18   11.35
 257001.172   396.030    -4.46   11.71
 257377.048   395.914    -0.31   11.15
 257752.935   398.135     5.91   10.71
 258128.831   402.430    11.43   13.41
 258504.738   408.807    16.97   16.54
 258880.655   414.560    15.30   15.29
 259256.581   422.115    20.10   10.67
 259632.518   426.730    12.28   10.38
 260008.465   428.294     4.16   10.52
 260384.422   434.120    15.50    9.90
 260760.389   439.330    13.86   11.62
 261136.365   447.269    21.12   12.23
 261512.352   454.705    19.78   10.78
 261888.349   461.892    19.12    8.76
 262264.356   467.462    14.81    9.44
 262640.373   472.730    14.01    9.05
 263016.401   476.833    10.91    9.13
 263392.438   480.205     8.97    8.77
 263768.485   485.602    14.35    7.81
 264144.542   489.630    10.71    7.15
 264520.610   493.217     9.54    7.72
 264896.687   495.455     5.95    8.74
 265272.775   500.608    13.70    9.80
 265648.872   506.946    16.86    9.09
 266024.980   509.633     7.14    9.27
 266401.098   511.653     5.37    8.73
 266777.225   510.205    -3.85    8.24
 267153.363   507.511    -7.16    7.42
 267529.511   506.551    -2.55    7.25
 267905.669   506.230    -0.85    9.52
 268281.838   504.836    -3.71   10.55
 268658.016   502.584    -5.99   10.34
 269034.204   502.782     0.53    8.99
 269410.403   504.096     3.49   15.26
 269786.611   510.849    17.95   23.27
 270162.830   518.525    20.41   22.74
 270539.059   521.805     8.72   21.16
 270915.298   522.576     2.05   21.55
 271291.547   549.755    72.25   89.80
 271667.806   580.730    82.34  117.51
 272044.075   605.888    66.87  124.13
 272420.354   593.855   -31.98  112.69
 272796.644   550.388  -115.53   47.97
 273172.943   541.166   -24.51   34.54
 273549.253   532.705   -22.49   19.29
 273925.573   535.602     7.70   22.28
 274301.903   530.423   -13.77   23.92
 274678.243   519.809   -28.21   18.68
 275054.593   510.905   -23.66   15.64
 275430.954   506.455   -11.83   12.57
 275807.324   506.755     0.80   10.18
 276183.705   510.397     9.68   10.14
 276560.096   516.283    15.64   10.15
 276936.497   524.968    23.08   10.84
 277312.908   531.294    16.81   10.70
 277689.329   536.730    14.44    9.91
 278065.761   537.780     2.79   10.54
 278442.202   533.192   -12.19   14.02
 278818.654   525.873   -19.44   15.49
 279195.116   518.294   -20.14   12.86
 279571.588   514.555    -9.93   10.99
 279948.070   515.756     3.19   10.06
 280324.563   520.877    13.60   11.65
 280701.066   528.397    19.98   12.30
 281077.578   535.362    18.50   14.08
 281454.101   543.030    20.37   14.87
 281830.635   551.205    21.72   15.46
 282207.178   557.999    18.04   14.15
 282583.732   559.155     3.07   12.42
 282960.295   560.099     2.51   11.14
 283336.869   559.576    -1.39   10.43
 283713.454   560.055     1.27   10.01
 284090.048   563.230     8.43    7.33
 284466.652   564.551     3.51    5.26
 284843.267   563.030    -4.04    6.30
 285219.892   559.987    -8.08    6.64
 285596.527   556.082   -10.37    7.47
 285973.173   553.005    -8.17    7.96
 286349.828   550.413    -6.88    8.09
 286726.494   548.805    -4.27    9.10
 287103.170   548.655    -0.40    8.91
 287479.857   546.230    -6.44    9.67
 287856.553   538.778   -19.79   12.43
 288233.260   531.730   -18.71   11.95
 288609.977   525.576   -16.34   11.08
 288986.704   518.305   -19.30   10.11
 289363.442   514.217   -10.85    7.06
 289740.189   515.064     2.25    7.89
 290116.947   520.935    15.59   10.54
 290493.276   526.230    14.07   10.36
 290868.015   532.074    15.60    9.19
