#   81.035  -5.944   8.986 ;Mean Elev.(m), Avg Gradient(m/km), RMS Gradient(m/km) - SRTM1     
#   94.480  -5.749   8.464 ;Mean Elev.(m), Avg Gradient(m/km), RMS Gradient(m/km) - ASTER GDEM
#   81.218  -5.335   9.090 ;Mean Elev.(m), Avg Gradient(m/km), RMS Gradient(m/km) - GMTED2010 
  7  34.478955 -16.745495    82.267    82.267  2 52468.31380443 10.263
  8  34.480693 -16.740017   102.649   102.189  3 52503.31379214 12.905
  9  34.480269 -16.739463   106.329   106.329  2 52538.31377660 10.401
 10  34.478421 -16.738570   112.098   112.177  3 52573.31381715  7.159
 11  34.482262 -16.746690   101.769   110.304  3 52608.31377698 17.638
 12  34.479687 -16.738664   110.130   111.603  3 52643.31377087 15.873
 13  34.483427 -16.750788    88.428    81.388  3 52678.31375556 35.168
 16  34.477514 -16.740192    95.258   102.151  3 52783.31375818 30.527
 17  34.477615 -16.738612   102.278   102.125  3 52818.31383564 15.379
 18  34.481002 -16.744178    95.004   102.363  3 52853.31388623 34.195
 20  34.480988 -16.745566    95.429   102.837  3 52923.31387475 34.435
 21  34.483570 -16.750804    87.690    80.840  3 52958.31384189 32.486
 22  34.482087 -16.746484    95.579   102.685  3 52993.31386750 33.128
 23  34.484235 -16.752898    87.258    80.697  4 53028.31383337 25.228
 24  34.484125 -16.751877    87.938    81.356  4 53063.31384153 35.073
 25  34.478161 -16.737245   106.544   103.396  3 53098.31385534 11.682
 26  34.485012 -16.755777    80.996    80.760  3 53133.31383987 34.684
 28  34.479842 -16.740784   102.821   102.706  3 53203.31391205 14.594
 29  34.485832 -16.753110    88.722    80.245  3 53238.31388265 28.668
 30  34.481350 -16.740952   102.781   102.781  2 53273.31384053 13.863
 31  34.476572 -16.736657   102.942   102.942  2 53308.31389872 13.514
 33  34.481339 -16.748320    88.571    82.310  3 53378.31380829 38.947
 34  34.483390 -16.751441    83.594    83.662  4 53413.31384415 36.342
 35  34.479270 -16.741040    96.021   102.366  3 53448.31383026 27.581
 36  34.474080 -16.737751    95.299   101.307  3 53483.31391477 32.789
 37  34.481531 -16.747037    91.621    91.621  2 53518.31391579 38.716
 38  34.475933 -16.736535   102.649   102.539  3 53553.31393614 16.258
 39  34.484496 -16.752251    86.950    80.772  4 53588.31388843 35.715
 40  34.474101 -16.735423   109.071   111.194  3 53623.31385729 10.270
 41  34.478548 -16.740228   111.606   111.358  3 53658.31388563  7.574
 42  34.480817 -16.741322   106.242   106.242  2 53693.31386677 12.486
 43  34.483899 -16.751668    87.297    81.385  4 53728.31379181 35.671
 44  34.484385 -16.753157    81.706    81.769  4 53763.31375079 37.067
 45  34.483993 -16.752761    81.686    81.482  4 53798.31376008 33.156
 47  34.478689 -16.741682    84.767    84.467  4 53868.31381784 35.316
 48  34.479568 -16.742011    98.174   103.531  4 53903.31384965 27.647
 49  34.472512 -16.734650   103.387   103.552  3 53938.31388460 16.041
 50  34.479475 -16.740054   102.860   102.860  2 53973.31384791 14.415
 51  34.480886 -16.743294    95.883   102.293  3 54008.31383751 31.410
 52  34.483651 -16.749650    88.878    81.805  3 54043.31386168 36.850
 53  34.481088 -16.746787    92.295    92.295  2 54078.31385478 37.202
 54  34.481679 -16.748628    88.417    82.392  3 54113.31379265 43.400
 56  34.481674 -16.748195    83.258    83.529  4 54183.31378196 37.704
 57  34.478919 -16.743791    82.012    82.012  2 54218.31380694 39.805
 58  34.480251 -16.743117    91.653    91.653  2 54253.31383204 28.299
 59  34.482544 -16.745742    92.215    92.215  2 54288.31383703 35.689
 60  34.482214 -16.746043    92.459    92.459  2 54323.31383414 38.646
 61  34.483084 -16.748870    90.597    81.834  3 54358.31379143 27.238
 62  34.481535 -16.744093    99.569   108.129  3 54393.31377435 31.073
 63  34.481993 -16.749681    87.504    81.422  3 54428.31374210 40.002
 64  34.481273 -16.744061   100.572   107.076  3 54463.31375274 34.409
 65  34.482083 -16.748415    84.341    84.567  3 54498.31375128 39.834
 66  34.481810 -16.746873    83.769    83.627  5 54533.31376692 35.969
 67  34.482373 -16.749715    81.066    81.044  3 54568.31375521 38.127
 68  34.480795 -16.742331    92.434    92.434  2 54603.31376089 30.638
 69  34.480672 -16.742408    96.128   103.054  3 54638.31377205 33.941
 70  34.481275 -16.739985   103.010   103.010  2 54673.31377413 14.795
 71  34.483260 -16.749063    88.746    81.749  3 54708.31373440 37.415
 72  34.481249 -16.740907   102.915   102.915  2 54743.31374071 14.816
 73  34.482586 -16.746798    92.707    92.707  2 54778.31371679 35.594
 74  34.481241 -16.740164   103.613   103.613  2 54813.31373340 13.656
 75  34.481479 -16.747750    91.165    82.513  3 54848.31371657 38.042
 76  34.479660 -16.742664    89.437    82.440  3 54883.31373801 39.683
 77  34.480067 -16.747764    82.373    82.338  3 54918.31371863 39.600
 78  34.479923 -16.742879    92.566    92.566  2 54953.31373140 33.479
 79  34.478765 -16.741010    95.557   101.953  3 54988.31375585 32.102
 80  34.482639 -16.745882    95.444   102.126  3 55023.31374859 36.118
 81  34.481917 -16.744689   102.729   112.938  3 55058.31374339 19.490
 82  34.481488 -16.748430    88.384    81.359  3 55093.31369934 35.018
 83  34.480577 -16.744956    92.427    92.546  4 55128.31368485 34.691
 84  34.481311 -16.747613    88.659    81.598  3 55163.31366050 36.609
 85  34.480994 -16.738790   103.326   103.326  2 55198.31367471 14.258
 86  34.481663 -16.744277    96.036   103.043  3 55233.31366487 32.747
 87  34.480732 -16.745879    90.465    83.623  3 55268.31367055 36.601
 88  34.482726 -16.752490    82.471    82.460  3 55303.31364516 39.793
 89  34.480686 -16.746692    88.800    82.099  3 55338.31364422 40.475
 90  34.482321 -16.744783    97.936   104.067  3 55373.31363465 33.722
 91  34.481859 -16.746028    95.404   102.038  3 55408.31365519 32.350
 92  34.481645 -16.746773    94.601    93.376  4 55443.31365289 29.927
 93  34.483637 -16.748572    91.996    91.996  2 55478.31359239 32.966
