-340240.623   -62.308     0.00    0.00
-339864.527   -62.308     0.00    0.00
-339488.442   -62.308     0.00    0.00
-339112.368   -62.308     0.00    0.00
-338736.305   -62.308     0.00    0.00
-338360.253   -62.308     0.00    0.00
-337984.211   -62.308     0.00    0.00
-337608.180   -62.308     0.00    0.00
-337232.160   -62.308     0.00    0.00
-336856.151   -62.308     0.00    0.00
-336480.152   -62.308     0.00    0.00
-336104.165   -62.308     0.00    0.00
-335728.188   -62.308     0.00    0.00
-335352.222   -62.308     0.00    0.00
-334976.267   -62.308     0.00    0.00
-334600.323   -62.308     0.00    0.00
-334224.389   -62.308     0.00    0.00
-333848.466   -62.308     0.00    0.00
-333472.554   -62.308     0.00    0.00
-333096.653   -62.308     0.00    0.00
-332720.763   -62.308     0.00    0.00
-332344.883   -62.308     0.00    0.00
-331969.014   -62.308     0.00    0.00
-331593.156   -62.308     0.00    0.00
-331217.309   -62.308     0.00    0.00
-330841.472   -62.308     0.00    0.00
-330465.646   -62.308     0.00    0.00
-330089.831   -62.308     0.00    0.00
-329714.027   -62.308     0.00    0.00
-329338.233   -62.308     0.00    0.00
-328962.450   -62.308     0.00    0.00
-328586.678   -62.308     0.00    0.00
-328210.917   -62.308     0.00    0.00
-327835.167   -62.308     0.00    0.00
-327459.427   -62.308     0.00    0.00
-327083.698   -62.308     0.00    0.00
-326707.979   -62.308     0.00    0.00
-326332.272   -62.308     0.00    0.00
-325956.575   -62.308     0.00    0.00
-325580.889   -62.308     0.00    0.00
-325205.213   -62.308     0.00    0.00
-324829.549   -62.308     0.00    0.00
-324453.895   -62.308     0.00    0.00
-324078.251   -62.308     0.00    0.00
-323702.619   -62.308     0.00    0.00
-323326.997   -62.308     0.00    0.00
-322951.386   -62.308     0.00    0.00
-322575.786   -62.308     0.00    0.00
-322200.196   -62.308     0.00    0.00
-321824.617   -62.308     0.00    0.00
-321449.049   -62.308     0.00    0.00
-321073.491   -62.308     0.00    0.00
-320697.944   -62.308     0.00    0.00
-320322.408   -62.308     0.00    0.00
-319946.883   -62.308     0.00    0.00
-319571.368   -62.308     0.00    0.00
-319195.864   -62.308     0.00    0.00
-318820.370   -62.308     0.00    0.00
-318444.887   -62.308     0.00    0.00
-318069.415   -62.308     0.00    0.00
-317693.954   -62.308     0.00    0.00
-317318.503   -62.308     0.00    0.00
-316943.063   -62.308     0.00    0.00
-316567.633   -62.308     0.00    0.00
-316192.215   -62.308     0.00    0.00
-315816.807   -62.308     0.00    0.00
-315441.409   -62.308     0.00    0.00
-315066.022   -62.308     0.00    0.00
-314690.646   -62.308     0.00    0.00
-314315.281   -62.308     0.00    0.00
-313939.926   -62.308     0.00    0.00
-313564.582   -62.308     0.00    0.00
-313189.248   -62.308     0.00    0.00
-312813.925   -62.308     0.00    0.00
-312438.613   -62.308     0.00    0.00
-312063.311   -62.308     0.00    0.00
-311688.020   -62.308     0.00    0.00
-311312.740   -62.308     0.00    0.00
-310937.470   -62.308     0.00    0.00
-310562.211   -62.308     0.00    0.00
-310186.962   -62.308     0.00    0.00
-309811.724   -62.308     0.00    0.00
-309436.497   -62.308     0.00    0.00
-309061.280   -62.308     0.00    0.00
-308686.074   -62.308     0.00    0.00
-308310.879   -62.308     0.00    0.00
-307935.694   -62.308     0.00    0.00
-307560.519   -62.308     0.00    0.00
-307185.356   -62.308     0.00    0.00
-306810.203   -62.308     0.00    0.00
-306435.060   -62.308     0.00    0.00
-306059.928   -62.308     0.00    0.00
-305684.807   -62.308     0.00    0.00
-305309.696   -62.308     0.00    0.00
-304934.596   -62.308     0.00    0.00
-304559.506   -62.308     0.00    0.00
-304184.427   -62.308     0.00    0.00
-303809.359   -62.308     0.00    0.00
-303434.301   -62.308     0.00    0.00
-303059.254   -62.308     0.00    0.00
-302684.217   -62.308     0.00    0.00
-302309.191   -62.308     0.00    0.00
-301934.175   -62.308     0.00    0.00
-301559.170   -62.308     0.00    0.00
-301184.176   -62.308     0.00    0.00
-300809.192   -62.308     0.00    0.00
-300434.218   -62.308     0.00    0.00
-300059.255   -62.308     0.00    0.00
-299684.303   -62.308     0.00    0.00
-299309.361   -62.308     0.00    0.00
-298934.430   -62.308     0.00    0.00
-298559.509   -62.308     0.00    0.00
-298184.599   -62.308     0.00    0.00
-297809.700   -62.308     0.00    0.00
-297434.811   -62.308     0.00    0.00
-297059.932   -62.308     0.00    0.00
-296685.064   -62.308     0.00    0.00
-296310.206   -62.308     0.00    0.00
-295935.359   -62.308     0.00    0.00
-295560.523   -62.308     0.00    0.00
-295185.697   -62.308     0.00    0.00
-294810.881   -62.308     0.00    0.00
-294436.076   -62.308     0.00    0.00
-294061.282   -62.308     0.00    0.00
-293686.498   -62.308     0.00    0.00
-293311.725   -62.308     0.00    0.00
-292936.962   -62.308     0.00    0.00
-292562.209   -62.308     0.00    0.00
-292187.467   -62.308     0.00    0.00
-291812.736   -62.308     0.00    0.00
-291438.015   -62.308     0.00    0.00
-291063.304   -62.308     0.00    0.00
-290687.174   -62.308     0.00    0.00
-290310.374   -62.308     0.00    0.00
-289933.584   -62.308     0.00    0.00
-289556.805   -62.308     0.00    0.00
-289180.036   -62.308     0.00    0.00
-288803.278   -62.308     0.00    0.00
-288426.530   -62.308     0.00    0.00
-288049.793   -62.308     0.00    0.00
-287673.067   -62.308     0.00    0.00
-287296.351   -62.308     0.00    0.00
-286919.646   -62.308     0.00    0.00
-286542.951   -62.308     0.00    0.00
-286166.267   -62.308     0.00    0.00
-285789.593   -62.308     0.00    0.00
-285412.930   -62.308     0.00    0.00
-285036.278   -62.308     0.00    0.00
-284659.636   -62.308     0.00    0.00
-284283.005   -62.308     0.00    0.00
-283906.384   -62.308     0.00    0.00
-283529.774   -62.308     0.00    0.00
-283153.175   -62.308     0.00    0.00
-282776.586   -62.308     0.00    0.00
-282400.007   -62.308     0.00    0.00
-282023.439   -62.308     0.00    0.00
-281646.882   -62.308     0.00    0.00
-281270.335   -62.308     0.00    0.00
-280893.798   -62.308     0.00    0.00
-280517.273   -62.308     0.00    0.00
-280140.757   -62.308     0.00    0.00
-279764.253   -62.308     0.00    0.00
-279387.758   -62.308     0.00    0.00
-279011.275   -62.308     0.00    0.00
-278634.802   -62.308     0.00    0.00
-278258.339   -62.308     0.00    0.00
-277881.887   -62.308     0.00    0.00
-277505.445   -62.308     0.00    0.00
-277129.014   -61.974     0.89    1.36
-276752.593   -61.258     1.90    2.28
-276376.183   -60.022     3.28    2.85
-275999.784   -59.018     2.67    2.77
-275623.395   -58.308     1.89    2.31
-275247.016   -57.033     3.39    1.71
-274870.648   -57.113    -0.21    1.78
-274494.290   -57.186    -0.19    1.98
-274117.943   -56.385     2.13    2.79
-273741.606   -54.600     4.74    3.53
-273365.280   -52.552     5.45    3.38
-272988.964   -51.600     2.53    2.96
-272612.659   -51.808    -0.55    3.36
-272236.365   -51.692     0.31    3.26
-271860.080   -52.633    -2.50    2.48
-271483.806   -52.718    -0.23    2.52
-271107.543   -52.383     0.89    2.39
-270731.290   -52.205     0.47    2.59
-270355.048   -51.458     1.99    2.81
-269978.816   -50.430     2.73    2.78
-269602.594   -50.092     0.90    2.04
-269226.383   -49.983     0.29    1.93
-268850.183   -49.795     0.50    2.17
-268473.993   -49.383     1.10    2.12
-268097.813   -48.649     1.95    2.04
-267721.644   -47.966     1.82    2.44
-267345.485   -47.832     0.36    2.62
-266969.336   -48.205    -0.99    2.81
-266593.199   -49.186    -2.61    2.36
-266217.071   -48.708     1.27    2.72
-265840.954   -48.283     1.13    2.58
-265464.847   -47.587     1.85    2.58
-265088.751   -47.229     0.95    2.94
-264712.665   -47.208     0.06    2.96
-264336.590   -47.231    -0.06    2.78
-263960.525   -46.991     0.64    3.17
-263584.470   -46.893     0.26    2.57
-263208.426   -46.256     1.69    2.73
-262832.392   -45.408     2.26    2.83
-262456.369   -44.783     1.66    2.69
-262080.356   -44.405     1.00    2.21
-261704.354   -44.283     0.33    1.70
-261328.361   -43.769     1.37    1.90
-260952.380   -43.359     1.09    2.08
-260576.408   -43.026     0.89    1.79
-260200.447   -42.783     0.65    1.72
-259824.497   -42.487     0.79    2.27
-259448.557   -42.258     0.61    2.44
-259072.627   -42.108     0.40    2.43
-258696.707   -41.947     0.43    2.09
-258320.798   -41.869     0.21    1.92
-257944.900   -41.795     0.20    1.93
-257569.011   -41.133     1.76    1.88
-257193.133   -40.641     1.31    1.81
-256817.266   -40.256     1.02    1.72
-256441.409   -39.546     1.89    1.74
-256065.562   -38.872     1.79    1.77
-255689.725   -38.454     1.11    1.75
-255313.899   -38.103     0.94    1.72
-254938.083   -37.383     1.92    1.87
-254562.278   -36.498     2.35    2.18
-254186.483   -35.413     2.89    2.09
-253810.698   -34.433     2.61    2.34
-253434.924   -33.692     1.97    2.40
-253059.160   -33.015     1.80    2.44
-252683.406   -32.527     1.30    2.55
-252307.663   -32.702    -0.47    2.33
-251931.930   -32.333     0.98    2.28
-251556.207   -31.571     2.03    2.38
-251180.494   -30.821     2.00    2.29
-250804.792   -29.897     2.46    1.98
-250429.101   -29.283     1.64    1.64
-250053.419   -28.590     1.84    1.41
-249677.748   -28.071     1.38    1.50
-249302.087   -27.233     2.23    1.87
-248926.437   -26.383     2.26    2.29
-248550.797   -25.783     1.60    2.80
-248175.167   -24.869     2.43    2.89
-247799.547   -23.860     2.68    2.99
-247423.938   -22.641     3.25    3.06
-247048.339   -21.821     2.18    3.04
-246672.750   -21.552     0.72    3.00
-246297.172   -21.508     0.12    2.90
-245921.604   -21.483     0.07    2.89
-245546.046   -21.617    -0.36    2.37
-245170.498   -21.360     0.68    2.08
-244794.961   -21.208     0.41    1.57
-244419.434   -20.308     2.40    1.92
-244043.917   -19.869     1.17    1.80
-243668.411   -18.942     2.47    2.05
-243292.915   -18.436     1.35    1.85
-242917.429   -16.771     4.43    2.89
-242541.953   -15.583     3.17    3.17
-242166.488   -14.698     2.36    3.20
-241791.033   -13.692     2.68    3.36
-241415.588   -13.333     0.96    3.13
-241040.153   -12.410     2.46    3.40
-240664.729   -11.308     2.94    3.03
-240289.315   -11.008     0.80    3.01
-239913.911   -10.708     0.80    3.21
-239538.518    -9.821     2.36    3.66
-239163.134    -8.454     3.64    3.85
-238787.761    -6.492     5.23    4.11
-238412.398    -5.674     2.18    4.31
-238037.046    -5.385     0.77    4.46
-237661.703    -5.869    -1.29    4.89
-237286.371    -6.869    -2.66    5.16
-236911.049    -7.846    -2.60    4.40
-236535.737    -8.593    -1.99    3.66
-236160.436    -8.597    -0.01    2.96
-235785.145    -7.046     4.13    2.95
-235409.863    -5.256     4.77    3.28
-235034.593    -4.113     3.05    2.88
-234659.332    -3.933     0.48    2.69
-234284.082    -3.180     2.01    3.37
-233908.841    -2.722     1.22    3.29
-233533.611    -2.913    -0.51    2.93
-233158.392    -1.405     4.02    3.34
-232783.182    -0.333     2.86    3.08
-232407.982     0.615     2.53    3.12
-232032.793     2.417     4.80    3.95
-231657.614     3.867     3.87    5.50
-231282.445     4.992     3.00    5.23
-230907.287     7.436     6.51    4.27
-230532.138     8.317     2.35    3.54
-230157.000     9.546     3.28    3.08
-229781.872    10.142     1.59    2.80
-229406.754    10.814     1.79    2.43
-229031.646    11.513     1.86    2.91
-228656.548    11.526     0.03    2.75
-228281.461    11.717     0.51    3.04
-227906.384    12.205     1.30    3.23
-227531.316    11.936    -0.72    3.16
-227156.260    11.903    -0.09    3.33
-226781.213    12.335     1.15    3.41
-226406.176    12.167    -0.45    4.28
-226031.150    10.842    -3.53    4.79
-225656.133    11.192     0.93    4.89
-225281.127    10.692    -1.33    5.06
-224906.131    11.863     3.12    4.79
-224531.145    16.053    11.18    4.18
-224156.169    17.042     2.64    4.83
-223781.204    17.692     1.73    4.71
-223406.248    17.205    -1.30    4.77
-223031.303    16.967    -0.63    4.37
-222656.367    17.026     0.16    3.92
-222281.442    17.692     1.78    3.99
-221906.527    20.192     6.67    2.83
-221531.622    22.442     6.00    3.66
-221156.728    23.522     2.88    3.79
-220781.843    23.942     1.12    3.87
-220406.968    23.992     0.13    3.84
-220032.104    20.140   -10.28    7.19
-219657.250    15.002   -13.71    9.21
-219282.405    14.117    -2.36    8.69
-218907.571    16.513     6.39    9.34
-218532.747    20.967    11.89    7.71
-218157.933    21.359     1.05    8.15
-217783.129    19.240    -5.65    8.84
-217408.336    18.846    -1.05    8.56
-217033.552    20.092     3.33    8.77
-216658.779    24.367    11.41    8.56
-216284.015    28.617    11.34    7.92
-215909.078    32.067     9.20    7.41
-215532.303    35.165     8.22    5.63
-215155.539    36.308     3.03    2.99
-214778.785    35.992    -0.84    3.28
-214402.042    35.917    -0.20    2.97
-214025.308    36.567     1.73    3.16
-213648.585    37.842     3.38    3.61
-213271.872    37.974     0.35    4.37
-212895.168    37.692    -0.75    4.33
-212518.476    37.992     0.80    4.14
-212141.793    38.204     0.56    4.33
-211765.120    39.567     3.62    4.06
-211388.458    40.142     1.53    3.57
-211011.806    40.256     0.30    4.76
-210635.164    41.619     3.62    5.78
-210258.532    42.009     1.04    5.91
-209881.910    44.538     6.72    4.85
-209505.299    46.042     3.99    5.00
-209128.697    45.903    -0.37    4.63
-208752.106    45.473    -1.14    4.57
-208375.525    47.492     5.36    3.87
-207998.954    46.846    -1.72    4.17
-207622.393    45.058    -4.75    5.86
-207245.843    44.179    -2.33    7.57
-206869.302    43.240    -2.50    8.01
-206492.772    42.410    -2.20    7.56
-206116.251    43.570     3.08    6.66
-205739.741    45.817     5.97    7.08
-205363.241    48.923     8.25    7.21
-204986.751    52.467     9.42    5.60
-204610.272    53.692     3.25    5.39
-204233.802    50.985    -7.19    8.64
-203857.342    49.367    -4.30    9.31
-203480.893    49.923     1.48    8.25
-203104.454    51.092     3.11    7.12
-202728.024    50.867    -0.60    6.09
-202351.605    47.467    -9.03    7.65
-201975.196    43.615   -10.23    7.89
-201598.797    41.817    -4.78    7.96
-201222.408    44.619     7.44   11.29
-200846.030    50.963    16.86   14.02
-200469.661    56.253    14.06   13.76
-200093.302    61.820    14.79   11.10
-199716.954    64.742     7.76   10.15
-199340.616    66.400     4.40    9.20
-198964.287    67.282     2.35    7.69
-198587.969    68.430     3.05    7.12
-198211.661    68.282    -0.39    7.28
-197835.363    70.009     4.59    6.81
-197459.075    74.436    11.77    5.52
-197082.797    77.367     7.79    6.28
-196706.529    80.049     7.13    6.97
-196330.271    83.719     9.75    4.97
-195954.023    85.242     4.05    3.99
-195577.786    84.282    -2.55    4.92
-195201.558    83.107    -3.12    4.99
-194825.340    82.180    -2.46    5.24
-194449.133    83.385     3.20    5.87
-194072.935    86.513     8.32    6.36
-193696.748    90.067     9.45    5.01
-193320.570    92.692     6.98    4.13
-192944.403    94.817     5.65    4.10
-192568.246    96.487     4.44    4.07
-192192.098    96.949     1.23    4.35
-191815.961    94.219    -7.26    7.16
-191439.834    86.742   -19.88   13.28
-191063.717    76.867   -26.26   15.15
-190687.610    68.367   -22.60   11.19
-190311.512    62.564   -15.43    5.91
-189935.425    60.044    -6.70    3.75
-189559.348    59.961    -0.22    3.71
-189183.281    60.872     2.42    4.20
-188807.224    62.317     3.84    4.63
-188431.177    66.117    10.11    5.93
-188055.140    70.051    10.46    7.25
-187679.112    75.835    15.38    8.00
-187303.095    82.026    16.47    9.17
-186927.088    87.292    14.01    9.74
-186551.091    94.744    19.82   10.66
-186175.104   101.009    16.67   11.41
-185799.127   106.121    13.60    9.41
-185423.160   109.719     9.57    9.24
-185047.203   106.617    -8.25   11.69
-184671.255   100.617   -15.96   14.33
-184295.318    99.375    -3.30   13.46
-183919.391   100.017     1.71   12.71
-183543.474   106.260    16.61   13.44
-183167.566   113.077    18.14   11.75
-182791.669   119.936    18.25    8.83
-182415.782   124.242    11.46    6.14
-182039.904   126.892     7.05    5.33
-181664.037   127.942     2.79    5.29
-181288.180   126.667    -3.39    7.61
-180912.332   126.881     0.57    8.25
-180536.495   128.717     4.89    8.55
-180160.667   130.317     4.26    8.43
-179784.849   133.154     7.55    5.45
-179409.042   135.442     6.09    3.50
-179033.244   136.077     1.69    3.01
-178657.456   137.692     4.30    3.27
-178281.678   138.487     2.12    3.65
-177905.910   139.042     1.48    3.69
-177530.152   141.467     6.45    4.07
-177154.404   142.103     1.69    4.38
-176778.666   142.168     0.18    5.00
-176402.938   142.482     0.83    7.02
-176027.220   141.567    -2.43    7.99
-175651.511   140.817    -2.00    8.46
-175275.813   142.375     4.15    6.24
-174900.124   140.642    -4.61    7.16
-174524.445   139.053    -4.23    8.73
-174148.777   138.824    -0.61    9.68
-173773.118   139.642     2.18    8.94
-173397.469   138.417    -3.26    9.06
-173021.830   134.667    -9.99   10.12
-172646.201   134.067    -1.60   10.12
-172270.582   136.103     5.42    9.86
-171894.972   136.341     0.63    9.64
-171519.373   131.292   -13.44   12.17
-171143.783   121.424   -26.28   12.18
-170768.204   113.817   -20.26    7.60
-170392.634   110.042   -10.05    4.15
-170017.074   109.298    -1.98    4.90
-169641.524   113.692    11.70    7.30
-169265.984   119.846    16.39    9.99
-168890.454   127.142    19.43   11.46
-168514.933   139.167    32.03   11.10
-168139.423   145.436    16.70    8.64
-167763.922   149.835    11.72    6.06
-167388.432   152.615     7.40    4.30
-167012.951   152.192    -1.13    4.38
-166637.480   151.517    -1.80    4.30
-166262.018   150.887    -1.68    3.85
-165886.567   148.217    -7.11    4.75
-165511.126   143.442   -12.72    7.60
-165135.694   139.034   -11.74    8.41
-164760.272   138.742    -0.78    8.74
-164384.860   142.487     9.98    9.74
-164009.458   149.117    17.66    7.92
-163634.066   152.517     9.06    5.82
-163258.683   152.769     0.67    5.32
-162883.311   150.271    -6.66    6.01
-162507.948   146.467   -10.14    7.74
-162132.595   139.278   -19.16    9.65
-161757.252   135.017   -11.35    7.78
-161381.919   135.267     0.67    8.31
-161006.595   139.008     9.97    9.91
-160631.282   145.764    18.00    7.92
-160255.978   149.462     9.85    4.36
-159880.684   149.992     1.41    2.93
-159505.400   150.267     0.73    3.40
-159130.125   149.077    -3.17    4.11
-158754.861   145.002   -10.86    8.09
-158379.606   139.385   -14.97   12.41
-158004.361   132.267   -18.97   12.82
-157629.126   125.567   -17.86   10.04
-157253.900   123.961    -4.28    7.24
-156878.685   123.967     0.02    7.35
-156503.479   128.470    12.00    8.17
-156128.283   129.482     2.70    7.28
-155753.096   131.217     4.63    5.44
-155377.920   133.128     5.09    5.99
-155002.753   135.154     5.40    6.60
-154627.596   138.067     7.77    7.92
-154252.449   141.923    10.28   10.77
-153877.312   145.637     9.90   12.49
-153502.184   149.667    10.75   13.24
-153127.067   153.863    11.19   12.94
-152751.959   155.142     3.41   12.15
-152376.860   156.492     3.60   11.07
-152001.772   157.219     1.94   10.57
-151626.693   157.597     1.01    9.89
-151251.624   159.026     3.81    9.76
-150876.565   162.892    10.31    9.74
-150501.515   167.242    11.60    8.17
-150126.475   170.974     9.95    6.42
-149751.445   174.645     9.79    4.78
-149376.425   176.034     3.71    4.62
-149001.415   176.867     2.22    4.21
-148626.414   175.517    -3.60    5.50
-148251.423   172.131    -9.03    6.58
-147876.441   168.317   -10.17    6.62
-147501.470   163.800   -12.05    4.85
-147126.508   160.974    -7.54    3.54
-146751.556   159.267    -4.55    3.75
-146376.613   157.817    -3.87    4.52
-146001.681   155.167    -7.07    5.55
-145626.758   150.717   -11.87    6.90
-145251.844   147.179    -9.44    6.10
-144876.941   146.081    -2.93    5.29
-144502.047   147.567     3.96    5.65
-144127.163   150.067     6.67    4.09
-143752.289   150.103     0.09    3.57
-143377.424   147.367    -7.30    5.66
-143002.569   144.077    -8.78    6.93
-142627.723   140.073   -10.68    7.71
-142252.888   137.615    -6.56    7.71
-141878.062   133.967    -9.73    9.64
-141503.246   129.974   -10.65    9.87
-141128.439   127.167    -7.49    8.52
-140752.662   124.430    -7.28    6.33
-140375.922   123.455    -2.59    5.58
-139999.192   121.842    -4.28    6.08
-139622.472   117.742   -10.88    7.81
-139245.762   111.497   -16.58    9.27
-138869.062   105.017   -17.20    8.83
-138492.371    99.395   -14.93    6.66
-138115.690    95.982    -9.06    5.31
-137739.019    95.292    -1.83    5.38
-137362.358    96.142     2.26    6.52
-136985.706    98.436     6.09    8.21
-136609.064   103.142    12.50    9.53
-136232.432   109.385    16.58    8.62
-135855.810   112.850     9.20    7.69
-135479.198   116.442     9.54    5.82
-135102.595   116.717     0.73    4.46
-134726.002   116.897     0.48    3.99
-134349.418   117.417     1.38    4.08
-133972.845   118.113     1.85    4.58
-133596.281   121.131     8.02    6.10
-133219.727   124.842     9.86    7.12
-132843.183   128.744    10.36    5.51
-132466.648   131.342     6.90    3.65
-132090.123   130.769    -1.52    5.02
-131713.608   127.645    -8.30    8.61
-131337.103   122.077   -14.79   10.58
-130960.607   118.692    -8.99   11.30
-130584.121   113.192   -14.61   12.10
-130207.645   106.872   -16.79   12.52
-129831.179   101.351   -14.67   14.22
-129454.722    92.719   -22.93   14.46
-129078.275    88.546   -11.09   16.75
-128701.838    84.282   -11.33   17.88
-128325.410    80.513   -10.01   16.61
-127948.992    79.567    -2.51   15.17
-127572.584    78.561    -2.67   14.01
-127196.185    77.487    -2.85   11.76
-126819.797    75.820    -4.43   10.82
-126443.417    69.308   -17.31   10.67
-126067.048    63.619   -15.12   11.63
-125690.688    56.449   -19.05   13.11
-125314.338    46.342   -26.86   14.58
-124937.998    38.692   -20.33   14.77
-124561.667    29.392   -24.71   12.35
-124185.346    20.619   -23.31   10.16
-123809.035    15.154   -14.52    8.07
-123432.733     9.912   -13.93    6.56
-123056.441     7.205    -7.19    5.45
-122680.159     5.644    -4.15    6.19
-122303.886     4.113    -4.07    7.31
-121927.623     4.267     0.41    8.01
-121551.370     2.502    -4.69    9.53
-121175.126     0.061    -6.49   11.90
-120798.892    -5.458   -14.67   13.50
-120422.668   -15.413   -26.46   11.54
-120046.453   -21.796   -16.97   10.51
-119670.248   -27.210   -14.39    9.35
-119294.053   -32.176   -13.20    6.17
-118917.867   -34.641    -6.55    3.17
-118541.691   -35.708    -2.84    2.04
-118165.524   -36.458    -1.99    1.05
-117789.368   -36.558    -0.27    1.10
-117413.220   -36.624    -0.17    1.14
-117037.083   -36.513     0.29    1.08
-116660.955   -36.308     0.55    1.22
-116284.837   -36.183     0.33    1.20
-115908.728   -36.113     0.19    1.17
-115532.629   -36.558    -1.18    1.08
-115156.539   -36.533     0.07    1.00
-114780.460   -36.702    -0.45    0.92
-114404.389   -36.712    -0.03    0.96
-114028.329   -36.718    -0.01    1.07
-113652.278   -36.487     0.61    1.14
-113276.237   -36.258     0.61    1.32
-112900.205   -36.154     0.28    1.18
-112524.183   -36.381    -0.60    1.19
-112148.170   -36.615    -0.62    1.06
-111772.167   -36.733    -0.31    0.81
-111396.174   -36.615     0.31    1.22
-111020.190   -36.641    -0.07    1.22
-110644.216   -36.649    -0.02    1.24
-110268.251   -36.686    -0.10    1.21
-109892.296   -36.692    -0.02    1.23
-109516.351   -36.408     0.76    1.10
-109140.415   -36.683    -0.73    0.95
-108764.489   -36.908    -0.60    1.03
-108388.572   -37.173    -0.70    1.00
-108012.665   -37.255    -0.22    1.01
-107636.767   -37.124     0.35    0.93
-107260.879   -36.733     1.04    1.06
-106885.001   -36.600     0.35    0.87
-106509.132   -36.633    -0.09    0.94
-106133.273   -36.733    -0.27    1.06
-105757.423   -37.018    -0.76    1.01
-105381.583   -37.405    -1.03    1.14
-105005.752   -37.478    -0.19    1.12
-104629.931   -37.538    -0.16    1.16
-104254.119   -37.358     0.48    1.20
-103878.317   -37.439    -0.22    1.17
-103502.525   -37.165     0.73    1.24
-103126.742   -37.133     0.09    1.38
-102750.969   -36.949     0.49    1.22
-102375.205   -37.000    -0.14    1.10
-101999.450   -37.051    -0.14    1.33
-101623.706   -37.137    -0.23    1.67
-101247.970   -37.362    -0.60    1.79
-100872.245   -37.183     0.48    1.76
-100496.528   -37.026     0.42    1.65
-100120.822   -37.051    -0.07    1.53
 -99745.125   -36.958     0.25    1.46
 -99369.437   -37.071    -0.30    1.44
 -98993.759   -37.333    -0.70    1.18
 -98618.090   -37.436    -0.27    1.15
 -98242.431   -37.256     0.48    1.00
 -97866.781   -36.771     1.29    1.23
 -97491.141   -36.233     1.43    1.25
 -97115.511   -36.058     0.47    1.26
 -96739.889   -35.667     1.04    1.40
 -96364.278   -35.833    -0.44    1.40
 -95988.676   -35.552     0.75    1.32
 -95613.083   -34.590     2.56    2.31
 -95237.500   -31.758     7.54    4.34
 -94861.926   -28.413     8.91    4.50
 -94486.362   -24.784     9.66    5.18
 -94110.807   -20.744    10.76    4.67
 -93735.262   -17.583     8.42    5.20
 -93359.726   -13.583    10.65    5.00
 -92984.200   -10.769     7.49    5.08
 -92608.683    -8.137     7.01    4.67
 -92233.176    -5.524     6.96    4.67
 -91857.678    -4.869     1.75    5.41
 -91482.190    -4.103     2.04    5.32
 -91106.711    -2.564     4.10    4.20
 -90731.241    -1.208     3.61    4.04
 -90355.781     1.154     6.29    4.83
 -89980.330     3.897     7.31    5.95
 -89604.889     6.590     7.17    6.04
 -89229.458     9.179     6.90    5.97
 -88854.035    13.083    10.40    5.12
 -88478.623    16.179     8.25    3.59
 -88103.219    18.034     4.94    4.02
 -87727.825    18.923     2.37    3.98
 -87352.441    19.392     1.25    4.06
 -86977.066    20.107     1.90    3.73
 -86601.700    21.462     3.61    4.19
 -86226.344    24.621     8.42    4.55
 -85850.997    26.745     5.66    4.19
 -85475.660    27.278     1.42    4.28
 -85100.332    27.718     1.17    3.96
 -84725.013    27.790     0.19    4.00
 -84349.704    30.009     5.91    4.45
 -83974.405    32.615     6.94    3.79
 -83599.114    32.668     0.14    3.55
 -83223.833    31.564    -2.94    4.32
 -82848.562    31.131    -1.15    4.33
 -82473.300    29.974    -3.08    4.51
 -82098.047    29.744    -0.62    4.39
 -81722.804    29.742    -0.00    4.51
 -81347.570    29.666    -0.20    4.56
 -80972.346    32.067     6.40    4.57
 -80597.130    35.513     9.18    4.36
 -80221.925    38.872     8.95    4.09
 -79846.728    41.229     6.28    3.65
 -79471.542    42.530     3.47    3.37
 -79096.364    39.448    -8.21    5.07
 -78721.196    35.641   -10.15    5.48
 -78346.037    31.846   -10.12    4.51
 -77970.888    28.092   -10.01    5.05
 -77595.748    24.820    -8.72    5.27
 -77220.617    19.978   -12.91    6.07
 -76845.496    16.350    -9.67    5.68
 -76470.384    12.717    -9.69    4.89
 -76095.281    10.667    -5.47    3.98
 -75720.188     9.083    -4.22    3.11
 -75345.104     9.017    -0.17    2.37
 -74970.030    10.051     2.76    3.26
 -74594.964    13.359     8.82    5.55
 -74219.909    18.542    13.82    7.33
 -73844.862    22.156     9.64    7.26
 -73469.825    26.590    11.82    6.27
 -73094.797    29.744     8.41    6.18
 -72719.779    35.128    14.36    6.73
 -72344.770    40.298    13.79    6.27
 -71969.770    45.292    13.32    6.55
 -71594.779    50.217    13.13    6.61
 -71219.798    54.051    10.22    5.96
 -70844.827    55.912     4.96    4.77
 -70469.864    56.561     1.73    3.99
 -70094.911    53.644    -7.78    5.89
 -69719.967    48.513   -13.68    6.29
 -69345.033    43.058   -14.55    6.27
 -68970.107    38.718   -11.58    4.67
 -68595.192    36.292    -6.47    4.04
 -68220.285    36.034    -0.69    4.04
 -67845.388    37.587     4.14    5.07
 -67470.500    39.367     4.75    5.59
 -67095.621    40.903     4.10    5.12
 -66720.752    42.058     3.08    4.71
 -66345.892    42.642     1.56    4.89
 -65971.041    43.949     3.49    4.94
 -65594.493    45.026     2.86    4.84
 -65217.792    45.613     1.56    5.05
 -64841.099    43.897    -4.56    5.38
 -64464.416    40.798    -8.23    5.81
 -64087.743    38.640    -5.73    5.50
 -63711.079    36.128    -6.67    4.58
 -63334.424    34.109    -5.36    2.91
 -62957.779    33.417    -1.84    3.12
 -62581.142    33.242    -0.46    3.29
 -62204.516    33.917     1.79    4.06
 -61827.898    35.462     4.10    4.28
 -61451.291    37.482     5.36    4.34
 -61074.692    40.978     9.28    4.76
 -60698.103    43.718     7.28    5.29
 -60321.523    47.667    10.49    5.09
 -59944.952    52.017    11.55    4.18
 -59568.391    53.487     3.90    3.20
 -59191.839    53.049    -1.16    3.91
 -58815.297    52.231    -2.17    4.28
 -58438.764    51.492    -1.96    4.04
 -58062.240    52.769     3.39    4.19
 -57685.725    54.615     4.90    4.28
 -57309.220    55.442     2.20    3.79
 -56932.725    56.831     3.69    3.59
 -56556.238    56.564    -0.71    3.66
 -56179.761    56.359    -0.54    4.46
 -55803.293    57.128     2.04    4.82
 -55426.835    59.367     5.95    5.50
 -55050.386    60.482     2.96    4.94
 -54673.946    60.613     0.35    4.54
 -54297.515    59.282    -3.54    5.09
 -53921.094    58.103    -3.13    3.97
 -53544.682    57.839    -0.70    3.73
 -53168.280    58.615     2.06    3.18
 -52791.886    60.117     3.99    3.12
 -52415.502    61.923     4.80    4.04
 -52039.128    63.820     5.04    4.57
 -51662.762    63.619    -0.54    4.75
 -51286.406    60.795    -7.50    6.95
 -50910.060    54.839   -15.83    8.67
 -50533.722    50.113   -12.56    7.05
 -50157.394    46.229   -10.32    6.22
 -49781.075    42.820    -9.06    5.06
 -49404.765    39.867    -7.85    4.73
 -49028.465    37.668    -5.84    4.70
 -48652.174    34.982    -7.14    3.70
 -48275.892    33.517    -3.89    3.28
 -47899.620    33.455    -0.16    3.87
 -47523.356    34.229     2.06    5.11
 -47147.103    34.692     1.23    4.80
 -46770.858    34.666    -0.07    4.63
 -46394.622    32.615    -5.45    3.53
 -46018.396    30.692    -5.11    4.06
 -45642.179    29.692    -2.66    3.98
 -45265.972    27.245    -6.51    5.16
 -44889.773    24.245    -7.97    5.22
 -44513.584    21.245    -7.97    4.18
 -44137.404    19.248    -5.31    2.91
 -43761.234    19.192    -0.15    3.69
 -43385.072    19.542     0.93    4.62
 -43008.920    20.417     2.33    5.49
 -42632.777    20.442     0.07    5.18
 -42256.644    20.590     0.39    4.24
 -41880.519    21.478     2.36    3.90
 -41504.404    21.333    -0.38    3.13
 -41128.298    20.867    -1.24    3.23
 -40752.201    19.892    -2.59    3.35
 -40376.114    19.179    -1.90    3.67
 -40000.036    19.645     1.24    3.83
 -39623.966    21.128     3.94    3.85
 -39247.907    22.442     3.49    3.54
 -38871.856    24.692     5.98    3.24
 -38495.815    26.742     5.45    2.96
 -38119.782    28.242     3.99    3.05
 -37743.759    29.470     3.27    3.14
 -37367.746    26.692    -7.39    6.48
 -36991.741    21.846   -12.89    7.39
 -36615.746    18.000   -10.23    5.84
 -36239.759    14.487    -9.34    2.89
 -35863.782    13.492    -2.65    3.16
 -35487.815    11.205    -6.08    3.13
 -35111.856     9.140    -5.49    2.98
 -34735.907     8.592    -1.46    2.99
 -34359.966     8.448    -0.38    3.31
 -33984.035     9.087     1.70    3.64
 -33608.114    12.142     8.13    4.66
 -33232.201    14.508     6.29    5.09
 -32856.297    17.790     8.73    4.84
 -32480.403    21.367     9.52    4.18
 -32104.518    22.561     3.18    4.03
 -31728.642    23.742     3.14    4.45
 -31352.775    22.564    -3.13    5.03
 -30976.918    20.765    -4.79    4.27
 -30601.069    19.846    -2.45    3.77
 -30225.230    18.392    -3.87    4.24
 -29849.400    17.042    -3.59    4.83
 -29473.579    15.103    -5.16    5.25
 -29097.767    13.567    -4.09    5.01
 -28721.964    13.776     0.55    5.14
 -28346.170    15.765     5.30    5.97
 -27970.386    18.846     8.20    5.87
 -27594.611    20.508     4.42    5.52
 -27218.845    21.513     2.67    5.61
 -26843.088    22.008     1.32    5.81
 -26467.340    23.567     4.15    5.96
 -26091.601    24.872     3.47    5.96
 -25715.871    27.026     5.73    6.84
 -25340.151    28.814     4.76    6.84
 -24964.440    27.449    -3.63    6.65
 -24588.737    26.692    -2.01    6.40
 -24213.044    23.949    -7.30    5.92
 -23837.360    19.817   -11.00    7.17
 -23461.685    14.317   -14.64    9.00
 -23086.020     9.231   -13.54    8.05
 -22710.363     3.985   -13.96    5.34
 -22334.716     1.508    -6.59    2.74
 -21959.077     0.617    -2.37    2.15
 -21583.448     0.974     0.95    2.20
 -21207.828     1.058     0.22    1.91
 -20832.217     0.570    -1.30    2.10
 -20456.615     0.087    -1.29    1.94
 -20081.022    -0.231    -0.85    2.14
 -19705.438     1.567     4.79    3.96
 -19329.863     3.282     4.57    4.61
 -18954.297     5.292     5.35    4.75
 -18578.741     7.850     6.81    4.94
 -18203.193    12.219    11.63    8.36
 -17827.655    18.609    17.02   13.57
 -17452.126    25.317    17.86   13.60
 -17076.605    24.692    -1.66   15.06
 -16701.094    22.667    -5.39   16.91
 -16325.592    14.000   -23.08   15.27
 -15950.099     5.205   -23.42    9.57
 -15574.615     2.073    -8.34    8.63
 -15199.140    -1.564    -9.69    5.90
 -14823.674    -3.783    -5.91    2.78
 -14448.218    -4.433    -1.73    1.40
 -14072.770    -4.359     0.20    1.45
 -13697.331    -3.844     1.37    1.78
 -13321.902    -3.413     1.15    1.67
 -12946.481    -3.033     1.01    1.72
 -12571.069    -2.718     0.84    1.76
 -12195.667    -2.381     0.90    1.89
 -11820.274    -1.858     1.39    1.72
 -11444.889    -1.447     1.10    1.93
 -11069.514    -1.229     0.58    1.99
 -10694.147    -0.897     0.88    1.85
 -10318.790    -0.667     0.61    2.02
  -9943.442    -1.077    -1.09    2.03
  -9568.103    -0.608     1.25    1.98
  -9192.772    -0.538     0.18    1.80
  -8817.451    -0.141     1.06    1.48
  -8442.139     0.167     0.82    1.62
  -8066.836     0.448     0.75    1.98
  -7691.542     0.641     0.51    2.25
  -7316.257     0.842     0.54    2.32
  -6940.980     1.282     1.17    2.35
  -6565.713     1.017    -0.71    2.36
  -6190.455     1.103     0.23    2.66
  -5815.206     1.267     0.44    2.67
  -5439.966     1.385     0.31    2.55
  -5064.735     1.487     0.27    2.30
  -4689.513     0.692    -2.12    2.11
  -4314.300    -0.146    -2.23    2.17
  -3939.095    -1.051    -2.41    2.38
  -3563.900    -2.058    -2.68    1.88
  -3188.714    -2.231    -0.46    1.72
  -2813.537    -2.283    -0.14    1.53
  -2438.369    -1.947     0.90    1.66
  -2063.210    -1.887     0.16    1.62
  -1688.059    -1.387     1.33    1.75
  -1312.918    -1.108     0.74    1.74
   -937.786    -0.991     0.31    1.44
   -562.663    -0.708     0.75    1.52
   -187.548    -0.283     1.13    2.01
    187.557     0.350     1.69    2.13
    562.654     0.619     0.72    2.22
    937.741     0.936     0.85    2.09
   1312.820     1.179     0.65    2.06
   1687.889     1.492     0.83    1.92
   2062.950     1.513     0.05    1.79
   2438.001     2.002     1.30    1.72
   2813.044     2.482     1.28    1.89
   3188.078     3.051     1.52    2.03
   3563.103     3.820     2.05    2.32
   3938.119     4.205     1.03    2.29
   4313.126     4.942     1.97    2.44
   4688.124     5.720     2.07    2.38
   5063.113     6.077     0.95    2.14
   5438.093     6.403     0.87    1.97
   5813.064     6.745     0.91    2.35
   6188.026     7.154     1.09    2.56
   6562.980     7.482     0.87    2.63
   6937.924     7.385    -0.26    2.96
   7312.859     7.034    -0.93    2.92
   7687.786     6.644    -1.04    2.71
   8062.704     7.156     1.37    3.21
   8437.613     8.745     4.24    3.53
   8812.512     7.992    -2.01    3.69
   9187.977     7.903    -0.24    3.69
   9564.655     8.058     0.41    3.61
   9941.325     7.513    -1.45    3.45
  10317.985     8.692     3.13    4.63
  10694.637    10.667     5.24    5.86
  11071.279    13.538     7.62    6.43
  11447.913    16.083     6.75    6.05
  11824.537    17.410     3.53    4.72
  12201.153    18.204     2.11    3.61
  12577.760    18.564     0.95    4.13
  12954.357    16.051    -6.67    6.80
  13330.946    13.308    -7.29    8.20
  13707.526    10.308    -7.97    7.76
  14084.096     9.128    -3.13    6.74
  14460.658     9.641     1.36    6.09
  14837.211    12.140     6.64    6.72
  15213.755    14.798     7.06    6.42
  15590.290    16.581     4.74    4.90
  15966.816    17.967     3.68    4.27
  16343.333    19.167     3.19    4.71
  16719.841    21.767     6.91    5.19
  17096.340    25.564    10.08    5.33
  17472.830    27.990     6.44    5.00
  17849.311    27.156    -2.21    5.63
  18225.784    25.795    -3.61    6.18
  18602.247    24.359    -3.81    5.49
  18978.701    22.792    -4.16    4.48
  19355.147    23.385     1.57    4.23
  19731.583    23.767     1.02    3.64
  20108.011    24.513     1.98    3.96
  20484.430    25.767     3.33    4.48
  20860.839    27.872     5.59    5.72
  21237.240    31.128     8.65    6.06
  21613.632    34.644     9.34    6.41
  21990.015    37.970     8.84    5.00
  22366.389    41.026     8.12    4.11
  22742.754    43.615     6.88    3.28
  23119.111    44.179     1.50    3.93
  23495.458    44.592     1.10    4.67
  23871.796    43.824    -2.04    5.43
  24248.126    45.061     3.29    5.73
  24624.447    47.974     7.74    6.03
  25000.758    49.077     2.93    6.53
  25377.061    51.741     7.08    7.00
  25753.355    52.936     3.17    8.59
  26129.640    51.765    -3.11   10.25
  26505.916    51.692    -0.19    9.97
  26882.184    51.542    -0.40    7.50
  27258.442    54.117     6.84    7.40
  27634.692    56.872     7.32    7.29
  28010.932    59.497     6.98    6.74
  28387.164    62.140     7.02    5.91
  28763.387    66.592    11.83    7.48
  29139.601    70.350     9.99   12.10
  29515.806    70.278    -0.19   12.02
  29892.003    71.863     4.21   13.24
  30268.190    74.534     7.10   17.71
  30644.369    84.692    27.00   24.34
  31020.538    99.641    39.74   31.09
  31396.699   109.619    26.53   33.99
  31772.851   125.817    43.06   35.63
  32148.995   133.719    21.01   35.87
  32525.129   149.462    41.85   37.63
  32901.254   168.376    50.29   35.16
  33277.371   190.942    60.00   41.32
  33653.479   218.942    74.45   39.51
  34029.578   231.442    33.24   39.26
  34405.668   240.820    24.94   36.68
  34781.749   211.220   -78.71   59.95
  35157.822   162.617  -129.24   72.08
  35533.885   125.034   -99.94   56.41
  35909.940   104.613   -54.30   23.20
  36285.986   118.242    36.24   46.70
  36662.023   126.282    21.38   46.12
  37038.051   130.567    11.40   37.99
  37414.071   129.359    -3.21   19.41
  37790.082   135.442    16.18   15.34
  38166.083   149.771    38.11   20.20
  38542.076   160.256    27.89   16.61
  38918.061   169.326    24.12   14.86
  39294.036   171.429     5.59   12.66
  39670.003   168.154    -8.71   13.34
  40045.961   164.513    -9.68   12.52
  40421.910   159.820   -12.48    6.46
  40797.850   162.067     5.98   11.07
  41173.781   162.854     2.09   14.07
  41549.704   164.534     4.47   15.94
  41925.618   166.824     6.09   16.27
  42301.523   163.103    -9.90   10.72
  42677.419   163.180     0.21    6.80
  43053.307   163.587     1.08    6.62
  43429.186   165.042     3.87    9.36
  43805.056   167.974     7.80   13.01
  44180.917   172.128    11.05   17.61
  44556.769   180.595    22.53   23.81
  44932.613   190.795    27.14   24.37
  45308.448   196.717    15.76   29.04
  45684.274   201.061    11.56   31.44
  46060.091   206.242    13.79   31.62
  46435.900   202.128   -10.95   27.32
  46811.699   206.009    10.33   21.72
  47187.491   206.619     1.62   16.71
  47563.273   205.949    -1.78   10.75
  47939.046   209.117     8.43    9.97
  48314.811   208.087    -2.74    8.52
  48690.567   210.692     6.93   11.30
  49066.315   208.417    -6.05   12.61
  49442.053   206.436    -5.27   14.30
  49817.783   198.026   -22.38   18.95
  50193.504   185.561   -33.18   13.97
  50569.217   182.217    -8.90   12.18
  50944.920   181.410    -2.15    9.40
  51320.615   182.410     2.66   10.69
  51696.301   183.154     1.98   10.20
  52071.979   182.137    -2.71   10.51
  52447.647   181.253    -2.35    8.22
  52823.307   182.359     2.94    6.59
  53198.959   186.820    11.88    6.72
  53574.601   193.192    16.96    6.25
  53950.235   196.897     9.86    5.51
  54325.860   199.592     7.17    4.57
  54701.477   201.846     6.00    4.31
  55077.084   202.942     2.92    4.47
  55452.684   205.798     7.60    5.49
  55828.274   208.282     6.61    5.00
  56203.855   211.595     8.82    4.92
  56579.428   215.165     9.50    3.75
  56954.993   217.231     5.50    5.14
  57330.548   220.492     8.68    5.44
  57706.095   221.892     3.73    5.88
  58081.633   221.692    -0.53    6.34
  58457.163   219.692    -5.33    7.41
  58832.683   215.530   -11.08    6.98
  59208.196   212.584    -7.84    5.96
  59583.699   209.467    -8.30    6.07
  59959.194   206.107    -8.95    6.39
  60334.680   203.846    -6.02    6.24
  60710.157   201.142    -7.20    5.37
  61085.626   199.824    -3.51    5.87
  61461.086   199.619    -0.55    5.82
  61836.538   199.092    -1.40    5.38
  62211.980   196.113    -7.93    6.03
  62587.414   191.067   -13.44    7.13
  62962.840   187.744    -8.85    7.81
  63338.257   183.351   -11.70    9.06
  63713.665   178.850   -11.99    9.91
  64089.064   175.692    -8.41   10.54
  64464.455   172.642    -8.12   11.88
  64839.837   175.744     8.26   16.19
  65215.211   182.692    18.51   18.25
  65590.576   191.220    22.72   17.07
  65965.932   191.282     0.17   14.87
  66341.280   186.955   -11.53   15.79
  66716.619   180.955   -15.98   13.12
  67091.949   175.103   -15.59   11.48
  67467.271   170.044   -13.48   12.05
  67842.584   166.867    -8.46   11.99
  68217.888   163.850    -8.04    9.87
  68593.184   157.692   -16.41    9.34
  68968.471   151.204   -17.29   12.20
  69343.750   143.872   -19.54   13.03
  69719.020   137.912   -15.88   10.79
  70094.282   132.350   -14.82    7.36
  70469.534   129.644    -7.21    4.35
  70844.779   126.795    -7.59    6.12
  71220.014   122.795   -10.66    6.34
  71595.241   118.180   -12.30    6.55
  71970.459   114.333   -10.25    6.10
  72345.669   109.642   -12.50    6.04
  72720.870   106.152    -9.30    4.46
  73096.063   104.424    -4.60    4.39
  73471.247   104.000    -1.13    3.83
  73846.422   106.205     5.88    3.42
  74221.589   107.897     4.51    4.11
  74596.747   110.773     7.67    4.75
  74971.897   114.992    11.25    5.11
  75347.038   119.205    11.23    4.93
  75722.171   121.462     6.01    4.15
  76097.295   120.000    -3.90    5.30
  76472.410   116.915    -8.23    5.68
  76847.517   115.595    -3.52    4.40
  77222.615   116.590     2.65    5.96
  77597.705   119.692     8.27    7.37
  77972.786   119.949     0.68    8.39
  78347.858   116.436    -9.37    9.45
  78722.922   112.567   -10.31    8.96
  79097.978   108.482   -10.89    5.15
  79473.024   107.792    -1.84    5.36
  79848.063   106.508    -3.42    5.56
  80223.092   106.497    -0.03    6.82
  80598.114   105.292    -3.21    7.59
  80973.126   104.640    -1.74    6.41
  81348.130   104.256    -1.02    5.52
  81723.126   106.317     5.50    4.53
  82098.113   108.231     5.10    3.60
  82473.091   108.744     1.37    3.15
  82848.061   107.534    -3.22    3.89
  83223.023   103.850    -9.83    4.80
  83597.976    99.887   -10.57    4.67
  83972.920    95.617   -11.39    4.87
  84349.096    92.192    -9.10    3.97
  84725.737    89.718    -6.57    3.33
  85102.368    88.367    -3.59    3.55
  85478.992    87.455    -2.42    4.11
  85855.606    87.058    -1.05    3.88
  86232.212    85.462    -4.24    4.39
  86608.810    82.692    -7.35    5.24
  86985.399    79.867    -7.50    4.11
  87361.979    78.103    -4.69    2.99
  87738.551    78.253     0.40    2.53
  88115.114    81.087     7.52    5.66
  88491.668    85.667    12.16    8.89
  88868.214    92.517    18.19   11.50
  89244.752   100.592    21.44   11.49
  89621.281   106.667    16.13    9.62
  89997.801   111.165    11.94    9.38
  90374.313   107.487    -9.77   10.06
  90750.816   103.692   -10.08    8.38
  91127.310   102.324    -3.63    6.25
  91503.796   100.795    -4.06    6.14
  91880.274   102.455     4.41    7.85
  92256.743   104.167     4.55    8.82
  92633.203   103.282    -2.35    8.75
  93009.655   104.077     2.11    7.26
  93386.098   103.974    -0.27    5.86
  93762.533   103.638    -0.89    4.27
  94138.959   102.253    -3.68    5.68
  94515.376    98.410   -10.21    6.79
  94891.785    95.026    -8.99    5.90
  95268.186    93.154    -4.97    5.05
  95644.578    91.795    -3.61    5.74
  96020.961    92.567     2.05    5.52
  96397.336    92.798     0.61    6.30
  96773.702    91.017    -4.73    6.45
  97150.060    89.192    -4.85    7.73
  97526.410    86.107    -8.20    8.98
  97902.750    82.242   -10.27    8.43
  98279.083    80.137    -5.59    6.95
  98655.406    78.256    -5.00    4.42
  99031.722    77.000    -3.34    3.51
  99408.028    76.742    -0.68    3.71
  99784.327    75.308    -3.81    3.72
 100160.616    74.929    -1.01    3.67
 100536.897    74.256    -1.79    2.89
 100913.170    74.008    -0.66    2.11
 101289.434    74.667     1.75    1.64
 101665.690    75.765     2.92    1.71
 102041.937    76.271     1.34    1.88
 102418.176    77.617     3.58    1.95
 102794.406    79.324     4.54    2.50
 103170.628    81.442     5.63    3.24
 103546.841    84.217     7.38    3.67
 103923.046    87.385     8.42    4.12
 104299.242    91.217    10.19    4.68
 104675.430    95.113    10.36    4.52
 105051.609    99.326    11.20    5.29
 105427.780   103.692    11.61    6.64
 105803.943   110.253    17.44   11.75
 106180.096   119.308    24.07   18.11
 106556.242   128.231    23.72   20.09
 106932.379   141.436    35.11   22.67
 107308.507   155.103    36.33   22.44
 107684.627   164.217    24.23   20.86
 108060.739   175.718    30.58   17.91
 108436.842   185.665    26.45   16.83
 108812.937   197.824    32.33   18.68
 109189.023   210.831    34.58   24.76
 109565.101   218.742    21.03   24.68
 109941.170   231.179    33.07   22.73
 110317.231   239.042    20.91   19.54
 110693.283   247.487    22.46   15.21
 111069.327   254.746    19.30   15.72
 111445.363   256.887     5.69   16.17
 111821.390   255.487    -3.72   16.02
 112197.409   255.333    -0.41   13.28
 112573.419   256.292     2.55   10.53
 112949.421   259.949     9.72   10.01
 113325.414   267.867    21.06   11.78
 113701.399   273.923    16.11   13.24
 114077.376   270.769    -8.39   14.70
 114453.344   264.513   -16.64   12.88
 114829.304   262.142    -6.30   11.77
 115205.255   265.192     8.11   16.09
 115581.198   272.331    18.99   16.26
 115957.132   273.982     4.39   15.96
 116333.058   273.482    -1.33   14.64
 116708.976   272.587    -2.38    8.16
 117084.885   274.769     5.80    7.05
 117460.786   277.876     8.27    7.94
 117836.679   280.333     6.54    7.44
 118212.563   281.795     3.89    7.39
 118588.438   283.876     5.54    8.83
 118964.306   286.863     7.95    8.99
 119340.165   291.298    11.80    9.88
 119716.015   299.351    21.43   14.75
 120091.857   307.359    21.31   17.83
 120467.691   311.642    11.40   18.15
 120843.516   317.820    16.44   15.71
 121219.333   322.308    11.94   14.81
 121595.142   332.375    26.79   21.42
 121970.942   345.955    36.13   22.79
 122346.734   351.992    16.06   22.67
 122722.517   367.503    41.27   31.81
 123098.293   387.131    52.23   42.05
 123474.059   412.051    66.31   46.06
 123849.818   434.876    60.74   33.32
 124225.568   433.359    -4.04   33.11
 124601.309   418.892   -38.50   38.91
 124977.043   402.590   -43.39   28.13
 125352.768   383.513   -50.77   20.94
 125728.484   374.192   -24.81   18.14
 126104.193   366.982   -19.19   17.68
 126479.893   367.276     0.78   19.43
 126855.584   383.667    43.63   30.30
 127231.267   394.817    29.68   31.54
 127606.942   399.718    13.04   31.14
 127982.609   386.317   -35.67   20.05
 128358.267   376.590   -25.89   11.99
 128733.917   368.367   -21.89   13.21
 129109.559   367.769    -1.59   13.03
 129485.192   371.367     9.58   15.35
 129860.817   372.000     1.68   15.32
 130236.433   372.897     2.39   15.89
 130612.042   373.278     1.01   17.28
 130987.642   376.422     8.37   16.01
 131363.233   385.615    24.48   15.22
 131738.817   396.592    29.22   11.66
 132114.392   405.385    23.41   14.57
 132489.958   418.342    34.50   23.00
 132865.517   429.303    29.18   25.16
 133241.067   442.613    35.44   29.86
 133616.609   465.179    60.08   48.72
 133992.142   479.142    37.18   52.79
 134367.667   505.839    71.09   52.29
 134743.184   531.256    67.68   45.53
 135118.693   547.742    43.90   30.71
 135494.193   548.923     3.14   27.13
 135869.685   537.692   -29.91   27.96
 136245.169   523.790   -37.02   19.36
 136620.645   515.929   -20.93   17.21
 136996.112   513.342    -6.89   19.05
 137371.571   515.929     6.89   20.56
 137747.021   522.156    16.58   19.56
 138122.464   526.359    11.19   18.71
 138497.898   533.342    18.60   18.22
 138873.324   542.333    23.95   15.40
 139248.741   543.410     2.87   11.48
 139624.151   542.517    -2.38   11.95
 139999.552   540.137    -6.34   14.23
 140374.944   534.692   -14.50   15.89
 140750.329   531.103    -9.56   17.16
 141125.705   529.508    -4.25   19.75
 141501.073   525.271   -11.29   22.12
 141876.433   523.526    -4.65   28.89
 142251.784   523.492    -0.09   34.92
 142627.128   520.077    -9.10   36.69
 143002.463   522.179     5.60   34.70
 143377.789   518.256   -10.45   32.20
 143753.108   515.587    -7.11   29.64
 144128.418   519.058     9.25   24.16
 144503.720   517.026    -5.42   17.10
 144879.014   523.192    16.43   17.72
 145254.300   535.376    32.46   22.78
 145629.577   546.542    29.75   28.47
 146004.846   562.367    42.17   45.01
 146380.107   570.771    22.39   52.68
 146755.360   565.792   -13.27   53.53
 147130.604   564.615    -3.14   49.37
 147505.841   562.400    -5.90   34.25
 147881.069   550.867   -30.73   25.58
 148256.288   543.692   -19.12   31.02
 148631.500   530.449   -35.29   36.08
 149006.703   512.314   -48.33   43.70
 149381.899   502.442   -26.31   48.22
 149757.086   495.267   -19.12   43.62
 150132.264   503.792    22.72   40.97
 150507.435   522.846    50.78   41.10
 150882.598   544.415    57.49   27.91
 151257.752   553.765    24.92   20.63
 151632.898   551.842    -5.13   21.71
 152008.036   546.166   -15.13   23.00
 152383.165   543.742    -6.46   26.50
 152758.287   544.564     2.19   27.14
 153133.400   553.717    24.40   24.63
 153508.505   559.590    15.65   23.21
 153883.602   562.308     7.25   17.19
 154258.691   575.103    34.11   11.38
 154633.771   578.992    10.37   14.69
 155008.844   583.342    11.60   17.78
 155383.908   586.526     8.49   18.66
 155758.964   589.166     7.04   16.44
 156134.012   585.876    -8.77   13.27
 156509.052   584.876    -2.67    9.94
 156884.083   587.051     5.80    9.22
 157259.107   589.317     6.04    9.75
 157634.122   591.795     6.61    8.11
 158009.129   596.192    11.73    9.90
 158384.128   601.538    14.26   12.47
 158759.119   606.131    12.25   13.11
 159134.306   609.963    10.21   15.49
 159510.926   612.142     5.79   11.89
 159887.538   615.955    10.12   12.05
 160264.141   625.839    26.24   19.90
 160640.737   633.820    21.19   26.76
 161017.324   638.949    13.62   27.65
 161393.902   637.302    -4.37   10.61
 161770.473   643.587    16.69   12.86
 162147.035   655.117    30.62   21.03
 162523.590   664.287    24.35   19.32
 162900.136   671.375    18.82   19.92
 163276.673   678.592    19.17   20.00
 163653.203   679.350     2.01   18.46
 164029.724   685.590    16.57   19.00
 164406.238   697.567    31.81   28.09
 164782.743   703.744    16.40   32.84
 165159.239   710.231    17.23   30.66
 165535.728   712.719     6.61   26.05
 165912.209   716.140     9.09   15.22
 166288.681   728.331    32.38   17.11
 166665.145   742.917    38.74   15.85
 167041.601   748.546    14.95   13.72
 167418.049   754.140    14.86   19.57
 167794.488   761.692    20.06   25.12
 168170.920   768.298    17.55   30.66
 168547.343   784.992    44.35   38.84
 168923.758   808.667    62.89   47.12
 169300.165   817.850    24.39   46.36
 169676.564   818.718     2.31   41.30
 170052.955   807.615   -29.49   35.32
 170429.337   800.278   -19.49   28.08
 170805.711   799.449    -2.20   20.38
 171182.078   809.767    27.41   19.76
 171558.436   813.846    10.84   15.69
 171934.786   814.719     2.32   16.98
 172311.127   822.592    20.92   25.10
 172687.461   842.165    52.00   41.60
 173063.786   867.000    65.99   49.73
 173440.104   892.903    68.83   47.52
 173816.413   902.613    25.80   42.85
 174192.714   891.982   -28.25   48.10
 174569.007   879.470   -33.25   41.28
 174945.292   875.917    -9.44   40.63
 175321.569   881.467    14.75   39.20
 175697.837   900.077    49.45   39.09
 176074.098   917.795    47.09   33.87
 176450.350   927.034    24.55   33.83
 176826.594   946.335    51.29   40.79
 177202.830   959.897    36.04   37.73
 177579.058   972.917    34.60   32.78
 177955.278   985.317    32.96   30.73
 178331.490   994.744    25.05   28.81
 178707.694  1011.526    44.60   39.56
 179083.889  1034.666    61.51   41.23
 179460.077  1044.846    27.06   39.94
 179836.256  1055.564    28.49   36.20
 180212.427  1052.017    -9.43   27.62
 180588.591  1043.717   -22.06   31.13
 180964.746  1031.942   -31.30   27.53
 181340.893  1021.936   -26.60   17.44
 181717.032  1017.613   -11.49   14.32
 182093.163  1015.385    -5.92   15.56
 182469.285  1007.308   -21.47   18.86
 182845.400  1000.034   -19.34   20.41
 183221.507   997.820    -5.89   23.88
 183597.605  1004.850    18.69   25.99
 183973.696  1010.077    13.90   25.75
 184349.778  1013.790     9.87   24.43
 184725.853  1012.667    -2.99   25.25
 185101.919  1001.522   -29.63   24.91
 185477.977   989.376   -32.29   25.69
 185854.027   978.917   -27.81   24.78
 186230.069   972.034   -18.30   20.45
 186606.103   972.567     1.42   18.88
 186982.129   977.742    13.76   19.73
 187358.147   991.087    35.49   24.02
 187734.157  1002.692    30.86   31.14
 188110.159  1021.798    50.81   28.96
 188486.153  1032.180    27.61   27.51
 188862.139  1037.717    14.73   24.77
 189238.116  1045.908    21.78   25.67
 189614.086  1061.530    41.55   33.89
 189990.048  1070.098    22.79   29.88
 190366.001  1072.256     5.74   27.42
 190741.947  1068.292   -10.54   26.38
 191117.884  1053.231   -40.06   18.99
 191493.814  1045.564   -20.39   18.49
 191869.735  1043.776    -4.76   20.20
 192245.649  1041.642    -5.67   16.57
 192621.554  1044.229     6.88   15.28
 192997.452  1044.771     1.44   13.96
 193373.341  1050.442    15.09   15.09
 193749.223  1054.231    10.08   15.74
 194125.096  1060.892    17.72   16.32
 194500.962  1068.903    21.31   18.23
 194876.819  1075.897    18.61   19.31
 195252.668  1083.641    20.60   18.81
 195628.510  1093.949    27.42   16.49
 196004.343  1102.570    22.94   18.23
 196380.169  1112.152    25.49   18.07
 196755.986  1118.887    17.92   16.61
 197131.795  1124.692    15.44   17.87
 197507.597  1125.718     2.73   19.85
 197883.390  1135.795    26.81   23.84
 198259.176  1155.692    52.94   29.51
 198634.953  1178.892    61.73   35.05
 199010.723  1200.692    58.01   34.01
 199386.484  1222.534    58.12   31.49
 199762.238  1247.417    66.21   42.61
 200137.983  1277.800    80.85   43.47
 200513.721  1304.839    71.95   45.31
 200889.450  1330.513    68.32   53.37
 201265.172  1345.949    41.08   53.68
 201640.886  1354.487    22.72   49.94
 202016.591  1366.051    30.78   57.02
 202392.289  1387.667    57.53   48.01
 202767.979  1397.376    25.84   38.57
 203143.661  1400.992     9.62   27.12
 203519.335  1391.192   -26.08   22.82
 203895.001  1385.083   -16.26   22.15
 204270.659  1389.842    12.67   26.49
 204646.309  1396.303    17.20   28.27
 205021.951  1397.640     3.56   30.49
 205397.585  1386.897   -28.59   33.51
 205773.211  1376.256   -28.33   28.38
 206148.829  1372.128   -10.99   22.80
 206524.440  1375.051     7.78   22.22
 206900.042  1388.061    34.63   27.63
 207275.637  1404.773    44.49   26.65
 207651.223  1417.242    33.19   23.12
 208026.802  1426.692    25.16   20.55
 208402.373  1431.587    13.03   17.74
 208777.935  1435.667    10.86   17.76
 209153.490  1436.324     1.75   16.06
 209529.037  1426.767   -25.44   17.83
 209904.576  1424.282    -6.62   17.74
 210280.107  1428.154    10.31   18.93
 210655.630  1433.666    14.68   21.65
 211031.146  1440.205    17.41   20.06
 211406.653  1437.253    -7.86   22.94
 211782.153  1419.206   -48.06   32.08
 212157.644  1401.767   -46.44   40.22
 212533.128  1369.429   -86.11   58.28
 212908.604  1320.128  -131.29   70.96
 213284.071  1279.092  -109.28   66.92
 213659.531  1250.053   -77.33   38.23
 214034.983  1268.487    49.09   84.64
 214410.428  1299.564    82.76  112.51
 214785.864  1302.455     7.70  115.38
 215161.292  1293.619   -23.53  116.54
 215536.713  1271.719   -58.33   92.18
 215912.126  1238.692   -87.97   62.69
 216287.530  1220.436   -48.63   35.03
 216662.927  1208.769   -31.07   28.54
 217038.316  1195.308   -35.86   27.29
 217413.698  1179.179   -42.96   17.78
 217789.071  1165.242   -37.12   16.16
 218164.436  1155.850   -25.02   15.01
 218539.794  1145.717   -26.99   17.94
 218915.144  1136.455   -24.67   18.31
 219290.485  1126.473   -26.59   18.73
 219665.819  1118.292   -21.79   19.72
 220041.146  1109.557   -23.27   22.11
 220416.464  1099.564   -26.62   19.88
 220791.774  1089.974   -25.55   17.61
 221167.077  1084.923   -13.46   15.80
 221542.372  1086.051     3.01   17.02
 221917.659  1090.298    11.31   19.74
 222292.938  1098.429    21.67   16.19
 222668.209  1104.220    15.43   14.22
 223043.472  1106.392     5.79   14.42
 223418.728  1106.644     0.67   14.44
 223793.975  1112.640    15.98   14.11
 224169.215  1118.517    15.66   14.46
 224544.447  1121.692     8.46   14.68
 224919.672  1127.617    15.79   16.11
 225294.888  1135.410    20.77   17.06
 225670.097  1142.564    19.06   16.99
 226045.297  1145.376     7.49   17.89
 226420.490  1150.308    13.14   16.59
 226795.675  1156.131    15.52   16.02
 227170.853  1162.026    15.71   14.29
 227546.022  1165.154     8.34   15.98
 227921.184  1167.959     7.48   18.96
