#   16.752  -1.899   1.815 ;Mean Elev.(m), Avg Gradient(m/km), RMS Gradient(m/km) - SRTM1     
#   39.967   0.194   5.657 ;Mean Elev.(m), Avg Gradient(m/km), RMS Gradient(m/km) - ASTER GDEM
#   19.182  -2.231   4.499 ;Mean Elev.(m), Avg Gradient(m/km), RMS Gradient(m/km) - GMTED2010 
 22    17.085 52990.31011088 47.42  35.624572 -18.022454 21.012
 22    17.373 52990.31011152 51.83  35.623802 -18.025754 21.012
 23    17.210 53025.31008387 42.85  35.627352 -18.021852 20.126
 23    17.240 53025.31008452 47.64  35.626582 -18.025152 20.126
 24    17.653 53060.31008838 44.32  35.625465 -18.022296 23.835
 24    17.686 53060.31008903 50.10  35.624685 -18.025586 23.835
 44    19.248 53760.31000238 48.21  35.623466 -18.023366 34.520
 44    19.248 53760.31000302 46.71  35.622686 -18.026656 34.520
 53    17.736 54075.31011506 18.22  35.619096 -18.023198  9.597
 53    17.888 54075.31011571 19.48  35.618326 -18.026488  9.597
 60    17.341 54320.31009316 48.34  35.619559 -18.023231 17.983
 60    17.449 54320.31009381 48.27  35.618779 -18.026521 17.983
 71    18.485 54705.30999683 31.16  35.620686 -18.023496 20.677
 71    18.593 54705.30999747 37.82  35.619906 -18.026796 20.677
 88    19.080 55300.30990801 49.37  35.620441 -18.023178 25.908
 88    19.002 55300.30990866 44.46  35.619661 -18.026468 25.908
 93    17.265 55475.30985779 24.77  35.620593 -18.024154 14.311
 93    17.278 55475.30985844 28.72  35.619813 -18.027444 14.311
