-158754.808   671.545     0.00    2.36
-158379.207   671.082    -1.23    2.50
-158003.598   669.307    -4.72    2.74
-157627.980   667.922    -3.69    3.50
-157252.355   666.521    -3.73    4.56
-156876.720   665.461    -2.82    5.33
-156501.078   666.349     2.36    6.61
-156125.426   668.153     4.80    6.41
-155749.767   669.051     2.39    5.14
-155374.099   667.402    -4.39    4.84
-154998.423   665.132    -6.04    5.93
-154622.738   660.333   -12.77    6.48
-154247.045   656.349   -10.60    6.38
-153871.343   653.649    -7.19    5.52
-153495.633   650.299    -8.92    6.46
-153119.915   646.251   -10.77    7.23
-152744.188   643.703    -6.78    6.95
-152368.452   641.649    -5.47    6.61
-151992.708   638.474    -8.45    7.74
-151616.956   636.249    -5.92    8.05
-151241.196   632.874    -8.98    9.60
-150865.427   627.256   -14.95   11.67
-150489.649   620.717   -17.40   11.57
-150113.863   615.624   -13.55   12.06
-149738.069   610.437   -13.80   12.36
-149362.266   603.974   -17.20   12.03
-148986.454   591.874   -32.19   13.50
-148610.634   584.474   -19.69   13.39
-148234.806   581.331    -8.36   13.86
-147858.969   579.563    -4.70   13.87
-147483.124   581.424     4.95   14.37
-147107.271   584.076     7.06   12.25
-146731.408   582.307    -4.71   12.70
-146355.538   577.827   -11.92   17.26
-145979.659   568.184   -25.65   19.94
-145603.771   553.657   -38.65   23.59
-145227.875   547.307   -16.89   21.24
-144851.971   542.845   -11.87   23.30
-144476.058   549.512    17.73   21.76
-144100.136   558.028    22.65   16.49
-143724.206   562.224    11.16   15.01
-143348.268   560.153    -5.51   17.68
-142972.321   554.820   -14.19   19.20
-142596.365   547.769   -18.75   19.63
-142220.402   539.890   -20.95   16.25
-141844.429   537.876    -5.36   15.23
-141468.448   536.717    -3.08   13.50
-141092.459   534.435    -6.07   13.58
-140716.461   526.649   -20.71   18.73
-140340.454   518.358   -22.05   24.49
-139964.439   508.324   -26.68   26.23
-139588.416   501.358   -18.52   27.91
-139212.384   489.974   -30.27   27.40
-138836.343   477.789   -32.40   30.31
-138460.294   458.461   -51.40   28.85
-138084.237   437.974   -54.47   29.17
-137708.171   420.307   -46.97   23.18
-137332.096   402.948   -46.15   23.81
-136956.013   389.124   -36.76   25.10
-136579.921   380.874   -21.93   25.31
-136203.821   375.874   -13.29   22.37
-135827.712   374.307    -4.17   20.01
-135451.595   376.237     5.13   21.22
-135075.469   383.526    19.38   18.52
-134699.335   385.924     6.37   19.86
-134323.192   390.901    13.23   23.36
-133947.041   390.563    -0.90   27.18
-133570.881   390.899     0.89   23.54
-133194.712   392.128     3.27   21.42
-132818.535   386.474   -15.03   18.37
-132442.349   383.779    -7.16   15.58
-132066.155   384.358     1.54   15.49
-131689.952   383.599    -2.02   16.98
-131313.741   385.447     4.91   16.81
-130937.521   385.315    -0.35   14.30
-130561.293   379.256   -16.10   13.95
-130185.055   373.730   -14.69   13.65
-129808.810   364.599   -24.27   13.82
-129432.556   357.179   -19.72   13.80
-129056.293   350.774   -17.02   13.07
-128680.022   343.553   -19.19   11.09
-128303.742   338.974   -12.17   12.27
-127927.453   335.349    -9.63   12.24
-127551.156   330.487   -12.92   14.53
-127174.850   330.895     1.08   16.16
-126798.536   333.363     6.56   18.77
-126422.213   334.974     4.28   15.93
-126045.881   335.099     0.33   13.29
-125669.541   329.615   -14.57   14.53
-125293.193   319.820   -26.02   12.28
-124916.835   309.224   -28.15   12.53
-124540.469   303.899   -14.15   10.41
-124164.095   299.549   -11.56   11.06
-123787.712   297.632    -5.09   11.08
-123411.320   293.174   -11.84   11.71
-123034.920   291.794    -3.66   11.36
-122658.511   289.599    -5.83   11.58
-122282.093   285.640   -10.52   13.95
-121905.667   278.099   -20.03   15.84
-121529.232   267.316   -28.64   13.62
-121152.789   257.615   -25.77   17.43
-120776.336   237.803   -52.62   29.51
-120399.876   216.757   -55.90   33.26
-120023.406   205.820   -29.05   25.59
-119646.928   200.769   -13.42   27.90
-119270.442   208.666    20.98   33.54
-118893.946   208.599    -0.18   37.23
-118517.442   197.789   -28.71   39.48
-118140.930   181.794   -42.48   37.43
-117764.409   165.974   -42.01   31.41
-117387.879   155.256   -28.46   25.73
-117011.340   148.820   -17.09   25.78
-116634.793   141.474   -19.51   21.88
-116258.237   151.499    26.62   32.01
-115881.673   166.358    39.46   39.64
-115505.099   186.749    54.14   37.91
-115128.518   203.051    43.29   35.91
-114751.927   206.526     9.23   41.12
-114375.328   191.437   -40.06   41.92
-113998.720   185.692   -15.25   41.08
-113622.103   187.649     5.20   49.04
-113246.640   179.512   -21.67   54.48
-112871.741   162.474   -45.45   57.62
-112496.832   136.754   -68.60   49.01
-112121.915   112.789   -63.92   26.58
-111746.990    99.774   -34.71   14.32
-111372.056    89.230   -28.12   10.62
-110997.113    82.486   -17.99    9.98
-110622.162    76.124   -16.97   10.59
-110247.202    68.055   -21.52   11.90
-109872.233    62.352   -15.21   11.95
-109497.256    55.784   -17.51   11.94
-109122.270    49.899   -15.70    9.64
-108747.276    46.949    -7.87    7.67
-108372.273    45.949    -2.67    7.52
-107997.261    47.999     5.47    9.57
-107622.241    49.918     5.12   10.26
-107247.212    49.388    -1.41   10.34
-106872.174    46.743    -7.05   11.14
-106497.128    41.658   -13.56    9.46
-106122.073    39.049    -6.96    9.00
-105747.010    38.025    -2.73    8.92
-105371.938    38.699     1.80   10.72
-104996.857    39.692     2.65   11.77
-104621.767    39.899     0.55   12.01
-104246.669    40.256     0.95   10.89
-103871.563    40.624     0.98   10.86
-103496.447    40.849     0.60    9.45
-103121.323    38.863    -5.29    8.12
-102746.191    37.632    -3.28    6.63
-102371.049    34.743    -7.70    5.27
-101995.899    33.743    -2.67    4.71
-101620.741    33.410    -0.89    4.64
-101245.573    31.999    -3.76    3.68
-100870.397    32.897     2.39    2.98
-100495.213    34.163     3.37    3.04
-100120.019    36.074     5.09    3.52
 -99744.817    38.510     6.49    3.73
 -99369.607    40.711     5.86    4.32
 -98994.387    43.199     6.63    3.40
 -98619.159    44.211     2.70    2.75
 -98243.922    43.274    -2.50    2.95
 -97868.677    41.449    -4.86    2.37
 -97493.423    40.574    -2.33    2.73
 -97118.160    38.874    -4.53    3.30
 -96742.888    37.512    -3.63    3.77
 -96367.608    35.779    -4.62    4.25
 -95992.319    33.421    -6.28    4.37
 -95617.022    31.435    -5.29    4.77
 -95241.715    29.307    -5.67    5.40
 -94866.400    26.461    -7.58    5.22
 -94491.076    24.074    -6.36    4.23
 -94115.744    21.751    -6.19    3.36
 -93740.403    20.895    -2.28    3.88
 -93365.053    19.579    -3.51    4.28
 -92989.694    17.563    -5.37    4.21
 -92614.327    16.242    -3.52    3.51
 -92238.951    14.820    -3.79    3.14
 -91863.566    13.474    -3.59    2.96
 -91488.173    12.358    -2.97    2.75
 -91112.770    10.649    -4.55    2.69
 -90737.359     8.974    -4.46    2.89
 -90361.940     7.179    -4.78    3.43
 -89986.511     5.624    -4.14    3.62
 -89611.074     3.816    -4.82    3.82
 -89235.628     2.730    -2.89    3.50
 -88860.173     1.487    -3.31    1.71
 -88484.710     1.249    -0.63    1.04
 -88109.238     1.128    -0.32    1.09
 -87733.757     1.333     0.55    1.35
 -87358.267     1.193    -0.37    1.27
 -86982.768     1.085    -0.29    1.26
 -86607.261     1.096     0.03    1.21
 -86231.745     1.076    -0.05    1.59
 -85856.221     1.461     1.02    1.67
 -85480.687     1.743     0.75    1.68
 -85105.145     1.921     0.47    1.68
 -84729.594     1.974     0.14    1.24
 -84354.034     1.563    -1.09    1.35
 -83978.465     2.128     1.50    2.07
 -83602.888     3.897     4.71    3.83
 -83227.302     5.866     5.24    4.65
 -82851.707     9.144     8.73    4.91
 -82476.103    12.358     8.56    4.27
 -82100.490    15.922     9.49    4.39
 -81724.869    19.769    10.24    5.06
 -81349.239    22.974     8.53    5.26
 -80973.600    27.599    12.31    5.60
 -80597.952    31.947    11.58    5.69
 -80222.296    36.249    11.45    6.29
 -79846.631    41.553    14.12    5.81
 -79470.957    44.901     8.91    5.65
 -79095.274    49.199    11.44    5.66
 -78719.582    54.622    14.44    6.78
 -78343.881    58.589    10.56    6.55
 -77968.172    64.049    14.53    5.59
 -77592.454    68.153    10.92    5.40
 -77216.727    72.324    11.10    5.81
 -76840.991    76.132    10.13    6.07
 -76465.246    80.447    11.49    7.40
 -76089.493    84.325    10.32    8.24
 -75713.731    89.299    13.24    7.67
 -75337.959    94.657    14.26    7.95
 -74962.179   100.563    15.72    9.77
 -74586.391   109.374    23.44   10.51
 -74210.593   117.053    20.43   11.45
 -73834.787   126.388    24.84   13.09
 -73458.971   135.899    25.30   12.71
 -73083.147   143.999    21.55   11.17
 -72707.314   151.999    21.28    9.28
 -72331.472   153.179     3.14    9.31
 -71955.622   151.878    -3.46   11.37
 -71579.762   154.053     5.78   11.80
 -71203.894   156.974     7.77   12.50
 -70828.016   162.674    15.16   12.07
 -70452.130   168.474    15.43   11.55
 -70076.235   174.949    17.22   11.06
 -69700.331   183.696    23.27   12.67
 -69324.418   191.307    20.25   14.99
 -68948.497   201.211    26.34   16.33
 -68572.566   213.263    32.06   22.30
 -68196.627   239.333    69.34   40.23
 -67820.679   271.579    85.77   50.23
 -67444.722   313.774   112.23   54.87
 -67068.756   341.820    74.59   41.05
 -66692.781   357.153    40.78   30.28
 -66316.797   365.901    23.26   24.50
 -65940.804   367.368     3.90   20.77
 -65564.803   378.925    30.73   23.27
 -65188.792   397.435    49.23   29.08
 -64812.773   416.399    50.43   30.56
 -64436.745   441.149    65.82   33.94
 -64060.707   450.358    24.49   27.35
 -63684.661   457.974    20.25   20.68
 -63308.606   464.289    16.79   17.02
 -62932.542   468.349    10.79   16.27
 -62556.470   475.263    18.39   13.22
 -62180.388   477.608     6.23   11.96
 -61804.297   486.499    23.64   16.62
 -61428.198   498.230    31.19   21.39
 -61052.089   497.512    -1.91   27.98
 -60675.972   488.874   -22.97   42.52
 -60299.845   477.349   -30.64   37.00
 -59923.710   449.849   -73.11   37.50
 -59547.566   432.158   -47.03   37.07
 -59171.413   414.866   -45.97   33.24
 -58795.251   408.807   -16.11   27.04
 -58419.080   430.099    56.60   32.45
 -58042.900   446.657    44.01   27.34
 -57666.711   467.599    55.67   25.50
 -57290.513   485.924    48.71   30.98
 -56914.306   501.342    40.98   31.77
 -56538.091   521.950    54.77   37.15
 -56161.866   543.128    56.29   35.87
 -55785.632   560.922    47.30   35.87
 -55409.390   572.749    31.43   43.84
 -55033.138   579.563    18.11   48.88
 -54656.878   582.759     8.49   52.75
 -54280.608   581.794    -2.57   55.31
 -53904.330   583.774     5.26   48.20
 -53528.042   583.487    -0.76   54.81
 -53151.746   577.999   -14.58   64.80
 -52775.440   580.193     5.83   67.27
 -52399.126   576.224   -10.55   73.82
 -52022.803   578.820     6.90   68.76
 -51646.470   561.999   -44.69   73.90
 -51270.129   525.076   -98.11   56.93
 -50893.779   501.974   -61.38   39.65
 -50517.420   494.132   -20.84   35.27
 -50141.051   521.874    73.71   44.80
 -49764.674   559.204    99.18   51.03
 -49388.288   600.794   110.49   65.97
 -49011.892   654.218   141.93   88.03
 -48635.488   687.784    89.18   94.58
 -48259.075   680.315   -19.84   89.80
 -47882.653   652.871   -72.91  101.77
 -47506.221   589.474  -168.41   98.78
 -47129.781   536.024  -141.98   87.77
 -46753.332   487.153  -129.82   77.89
 -46376.873   464.855   -59.23   77.69
 -46000.406   441.211   -62.80   60.06
 -45623.930   429.949   -29.91   48.25
 -45247.444   441.763    31.38   42.51
 -44870.950   459.424    46.91   49.95
 -44494.447   474.535    40.13   46.34
 -44117.934   462.368   -32.31   54.10
 -43741.413   424.874   -99.58   78.42
 -43364.882   361.307  -168.82   78.31
 -42988.342   313.291  -127.52   56.51
 -42611.794   277.549   -94.92   38.19
 -42235.236   252.730   -65.91   34.03
 -41858.669   241.487   -29.86   36.05
 -41482.094   240.666    -2.18   41.23
 -41105.509   243.538     7.63   45.43
 -40728.915   269.410    68.70   54.79
 -40352.312   293.824    64.83   51.69
 -39975.700   323.640    79.17   44.03
 -39599.079   340.835    45.65   27.53
 -39222.449   336.499   -11.51   25.25
 -38845.810   314.974   -57.15   39.50
 -38469.330   291.358   -62.73   36.45
 -38094.480   278.449   -34.44   36.28
 -37719.620   271.053   -19.73   40.02
 -37344.751   289.974    50.47   43.81
 -36969.873   312.974    61.35   44.54
 -36594.987   330.099    45.68   42.88
 -36220.091   361.924    84.89   49.87
 -35845.187   389.743    74.20   59.49
 -35470.273   426.681    98.52   71.24
 -35095.350   463.500    98.20   64.30
 -34720.419   465.358     4.96   61.02
 -34345.478   483.499    48.38   76.10
 -33970.529   496.599    34.94   73.57
 -33595.570   473.324   -62.07   87.68
 -33220.602   421.668  -137.76  124.37
 -32845.626   359.079  -166.91  104.75
 -32470.640   317.632  -110.53   48.17
 -32095.645   314.149    -9.29   34.88
 -31720.642   326.169    32.05   26.91
 -31345.629   339.399    35.28   32.04
 -30970.607   355.474    42.86   41.58
 -30595.576   373.500    48.07   44.45
 -30220.537   401.349    74.25   36.55
 -29845.488   417.681    43.55   31.31
 -29470.430   425.025    19.58   27.58
 -29095.363   419.774   -14.00   30.48
 -28720.287   413.615   -16.42   28.95
 -28345.202   411.593    -5.39   27.50
 -27970.108   404.684   -18.42   28.44
 -27595.005   395.204   -25.27   34.72
 -27219.893   375.025   -53.80   39.59
 -26844.772   355.538   -51.95   28.18
 -26469.642   340.999   -38.76   27.17
 -26094.502   322.390   -49.60   30.81
 -25719.354   308.349   -37.43   44.17
 -25344.197   285.589   -60.67   49.53
 -24969.030   252.435   -88.37   35.12
 -24593.855   245.615   -18.18   41.42
 -24218.670   260.342    39.25   65.25
 -23843.477   289.435    77.54   70.55
 -23468.274   319.684    80.62   49.49
 -23093.062   337.749    48.14   34.70
 -22717.841   329.827   -21.11   23.66
 -22342.611   323.026   -18.12   29.70
 -21967.372   314.474   -22.79   36.66
 -21592.124   312.684    -4.77   37.62
 -21216.867   316.413     9.94   29.14
 -20841.601   318.774     6.29   21.95
 -20466.325   316.794    -5.27   16.77
 -20091.041   312.901   -10.38   19.98
 -19715.747   302.179   -28.57   21.61
 -19340.445   287.413   -39.34   20.96
 -18965.133   273.769   -36.35   16.80
 -18589.812   267.998   -15.37   14.99
 -18214.482   265.615    -6.35   15.06
 -17839.143   265.424    -0.51   13.93
 -17463.795   261.249   -11.12   15.46
 -17088.438   249.447   -31.44   14.99
 -16713.071   241.076   -22.30   14.06
 -16337.696   233.538   -20.08   11.94
 -15962.311   233.128    -1.09   13.39
 -15586.917   235.563     6.49   12.37
 -15211.515   235.868     0.81   10.31
 -14836.103   231.374   -11.97   10.46
 -14460.681   225.999   -14.32   10.23
 -14085.251   219.204   -18.10   10.63
 -13709.812   215.364   -10.23   10.35
 -13334.363   210.948   -11.76   12.80
 -12958.906   198.413   -33.39   18.34
 -12583.439   185.211   -35.16   20.82
 -12207.963   171.803   -35.71   21.14
 -11832.478   155.871   -42.43   19.76
 -11456.983   140.374   -41.27   21.51
 -11081.480   128.169   -32.50   22.43
 -10705.967   115.474   -33.81   17.20
 -10330.446   105.999   -25.23   17.22
  -9954.915    96.237   -25.99   12.04
  -9579.375    92.632    -9.60   12.82
  -9203.826   101.128    22.62   26.90
  -8828.267   120.025    50.32   46.48
  -8452.700   159.871   106.10   59.67
  -8077.123   195.079    93.74   52.04
  -7701.537   202.512    19.79   51.56
  -7325.942   197.025   -14.61   52.73
  -6950.338   179.512   -46.63   48.42
  -6574.724   166.299   -35.18   41.41
  -6199.102   166.446     0.39   33.87
  -5823.470   178.799    32.89   35.69
  -5447.829   179.307     1.35   34.56
  -5072.179   161.435   -47.58   49.13
  -4696.520   130.512   -82.32   60.51
  -4320.851    88.025  -113.10   49.23
  -3945.173    58.045   -79.80   36.68
  -3569.486    38.512   -51.99   18.89
  -3193.790    29.174   -24.86   12.13
  -2818.085    20.974   -21.83    6.35
  -2442.370    16.999   -10.58    6.09
  -2066.647    12.705   -11.43    5.10
  -1690.914    10.000    -7.20    5.54
  -1315.171     8.324    -4.46    5.66
   -939.420     6.871    -3.87    5.58
   -563.659     4.998    -4.98    5.30
   -187.890     3.374    -4.32    4.86
    187.890     2.217    -3.08    4.02
    563.678     1.237    -2.61    2.38
    939.475     1.025    -0.56    2.31
   1315.282     1.049     0.06    2.27
   1691.098     0.449    -1.60    1.85
   2066.923     0.974     1.40    2.10
   2442.758     1.049     0.20    1.97
   2818.602     1.279     0.61    2.01
   3194.454     1.349     0.18    2.00
   3570.317     1.461     0.30    1.80
   3946.188     1.563     0.27    1.79
   4322.069     1.549    -0.04    1.48
   4697.959     1.974     1.13    2.18
   5073.858     2.474     1.33    2.18
   5449.766     3.435     2.56    2.92
   5825.684     4.099     1.76    3.75
   6201.611     5.897     4.78    5.12
   6577.547     7.769     4.98    6.69
   6953.493    10.583     7.49    7.71
   7329.448    15.658    13.50    8.79
   7705.412    18.692     8.07    8.64
   8081.385    21.024     6.20    8.16
   8457.368    23.124     5.59    7.40
   8833.360    23.474     0.93    6.86
   9209.361    25.140     4.43    6.46
   9585.371    25.026    -0.30    6.26
   9961.391    24.789    -0.63    5.87
  10337.420    24.179    -1.62    6.36
  10713.459    21.538    -7.02    6.30
  11089.506    19.845    -4.50    5.11
  11465.563    20.281     1.16    4.66
  11841.629    22.974     7.16    6.51
  12217.705    27.549    12.17    7.43
  12593.790    32.657    13.58    6.88
  12969.884    37.461    12.77    5.70
  13345.987    42.799    14.19    6.63
  13722.100    47.079    11.38    6.29
  14098.222    49.096     5.36    4.72
  14474.354    50.307     3.22    3.99
  14850.494    46.922    -9.00    5.97
  15226.644    42.949   -10.56    5.88
  15602.804    39.132   -10.15    5.41
  15978.972    35.705    -9.11    5.15
  16355.150    33.845    -4.94    5.23
  16731.338    32.266    -4.20    5.35
  17107.535    32.230    -0.10    5.04
  17483.741    33.281     2.79    4.27
  17859.956    32.358    -2.45    3.75
  18236.181    32.435     0.20    3.19
  18612.415    33.179     1.98    2.98
  18988.658    35.640     6.54    4.29
  19364.911    38.128     6.61    4.87
  19741.173    41.158     8.05    4.48
  20117.444    44.057     7.70    3.32
  20493.725    46.949     7.68    3.91
  20870.015    48.574     4.32    3.84
  21246.315    49.424     2.26    4.66
  21622.624    47.410    -5.35    5.14
  21998.942    44.325    -8.20    4.98
  22375.270    43.169    -3.07    4.79
  22751.607    42.153    -2.70    4.17
  23127.953    43.499     3.58    4.64
  23504.309    46.074     6.84    5.09
  23880.674    48.692     6.96    4.78
  24257.049    52.374     9.78    5.93
  24633.433    57.743    14.27    6.46
  25009.826    62.549    12.77    6.57
  25386.229    68.025    14.55    5.70
  25762.641    72.845    12.81    5.64
  26139.062    75.388     6.76    4.04
  26515.493    75.737     0.93    4.28
  26891.933    72.897    -7.54    5.99
  27268.383    67.474   -14.41    6.56
  27644.842    62.193   -14.03    7.89
  28021.310    56.524   -15.06    7.42
  28397.788    50.251   -16.66    6.89
  28774.276    45.184   -13.46    6.77
  29150.772    39.842   -14.19    6.72
  29527.278    35.374   -11.87    5.24
  29903.794    32.449    -7.77    3.16
  30280.319    31.899    -1.46    2.69
  30656.853    32.897     2.65    3.82
  31033.397    35.025     5.65    5.71
  31409.950    40.071    13.40   14.72
  31786.513    42.876     7.45   14.23
  32163.085    45.487     6.93   14.31
  32539.667    46.174     1.82    5.84
  32916.258    49.158     7.92    5.99
  33292.858    53.169    10.65    5.56
  33669.468    57.538    11.60    5.14
  34046.087    61.384    10.21    6.05
  34422.716    65.559    11.09    5.45
  34799.354    68.474     7.74    4.78
  35176.002    70.632     5.73    4.72
  35552.659    74.076     9.14    5.35
  35929.326    75.998     5.10    4.41
  36306.002    79.076     8.17    4.26
  36681.706    81.435     6.28    3.25
  37056.511    81.374    -0.16    3.41
  37431.325    80.333    -2.78    4.31
  37806.149    79.256    -2.87    3.97
  38180.983    79.307     0.14    4.26
  38555.826    81.230     5.13    4.60
  38930.678    83.307     5.54    4.18
  39305.539    84.421     2.97    3.73
  39680.410    84.699     0.74    4.51
  40055.290    83.774    -2.47    5.16
  40430.180    83.849     0.20    6.01
  40805.079    84.608     2.02    6.60
  41179.988    84.666     0.16    6.82
  41554.905    88.632    10.58    9.53
  41929.833    93.333    12.54   13.33
  42304.769   101.681    22.27   18.73
  42679.715   114.538    34.29   21.03
  43054.671   124.624    26.90   20.38
  43429.636   136.437    31.51   14.78
  43804.610   143.410    18.60    8.53
  44179.594   145.998     6.90    6.27
  44554.587   147.632     4.36    3.99
  44929.589   147.218    -1.10    4.41
  45304.601   145.474    -4.65    4.83
  45679.622   143.307    -5.78    5.68
  46054.653   140.249    -8.16    6.09
  46429.693   136.500   -10.00    7.63
  46804.743   132.871    -9.68    7.14
  47179.802   130.153    -7.25    6.35
  47554.871   127.025    -8.34    5.65
  47929.948   123.071   -10.54    7.04
  48305.036   115.676   -19.72   11.22
  48680.133   101.266   -38.42   18.48
  49055.239    85.948   -40.84   19.61
  49430.355    73.524   -33.12   14.70
  49805.480    65.299   -21.93   10.18
  50180.614    61.153   -11.05   10.33
  50555.758    60.545    -1.62   13.79
  50930.912    57.000    -9.45   13.86
  51306.075    50.924   -16.20   10.85
  51681.247    46.692   -11.28    8.60
  52056.429    42.071   -12.32    5.66
  52431.621    39.242    -7.54    4.45
  52806.822    37.179    -5.50    4.31
  53182.032    35.096    -5.55    3.38
  53557.252    33.999    -2.92    2.90
  53932.481    33.291    -1.89    3.17
  54307.720    32.256    -2.76    3.34
  54682.968    32.589     0.89    3.21
  55058.226    32.949     0.96    3.27
  55433.493    32.895    -0.14    3.06
  55808.770    32.374    -1.39    2.89
  56184.056    30.922    -3.87    3.47
  56559.351    29.666    -3.35    3.37
  56934.657    27.535    -5.68    3.33
  57309.971    26.947    -1.57    3.68
  57685.295    28.388     3.84    4.92
  58060.629    31.769     9.01    6.61
  58435.972    37.333    14.82    7.09
  58811.325    40.374     8.10    6.28
  59186.687    42.717     6.24    6.16
  59562.059    46.736    10.71    8.49
  59937.440    49.526     7.43   10.12
  60312.831    54.549    13.38   11.07
  60688.231    61.947    19.71    8.79
  61063.641    65.632     9.82    4.96
  61439.060    66.599     2.57    2.79
  61814.489    65.461    -3.03    3.39
  62189.927    63.424    -5.43    3.97
  62565.375    61.274    -5.73    4.45
  62940.833    58.901    -6.32    4.97
  63316.300    56.640    -6.02    4.60
  63691.776    53.692    -7.85    4.70
  64067.262    51.316    -6.33    5.02
  64442.758    48.237    -8.20    6.12
  64818.263    45.199    -8.09    5.85
  65193.778    42.820    -6.34    6.14
  65569.302    41.074    -4.65    5.47
  65944.836    39.820    -3.34    4.80
  66320.380    39.105    -1.90    5.28
  66695.932    38.583    -1.39    5.30
  67071.495    36.102    -6.61    6.15
  67447.067    31.999   -10.92    7.66
  67822.649    26.435   -14.82    6.30
  68198.240    22.699    -9.95    3.67
  68573.841    21.378    -3.52    2.24
  68949.451    21.711     0.88    2.11
  69325.071    22.649     2.50    2.58
  69700.701    23.820     3.12    2.50
  70076.340    24.949     3.01    2.95
  70451.988    24.974     0.06    3.44
  70827.647    24.717    -0.68    3.53
  71203.315    23.099    -4.31    3.86
  71578.992    22.274    -2.20    3.58
  71954.679    23.364     2.90    3.96
  72330.376    22.599    -2.04    5.30
  72706.082    22.474    -0.33    6.03
  73081.798    19.526    -7.85    7.45
  73457.524    15.703   -10.18    6.27
  73833.259    12.999    -7.20    4.84
  74209.003    10.899    -5.59    2.40
  74584.758    11.299     1.06    2.56
  74960.522    11.897     1.59    3.03
  75336.295    12.217     0.85    3.29
  75712.078    12.901     1.82    3.03
  76087.871    12.435    -1.24    2.45
  76463.674    11.774    -1.76    2.26
  76839.486    11.699    -0.20    2.56
  77215.307    11.384    -0.84    3.05
  77591.139    12.242     2.28    3.23
  77966.980    13.128     2.36    3.12
  78342.830    13.674     1.45    2.86
  78718.691    13.538    -0.36    2.53
  79094.560    12.699    -2.23    2.47
  79470.440    12.807     0.29    2.45
  79846.329    12.816     0.02    2.16
  80222.228    13.349     1.42    2.40
  80598.136    13.799     1.20    2.76
  80974.055    14.169     0.98    3.23
  81349.982    14.224     0.15    2.70
  81725.920    13.784    -1.17    2.68
  82101.867    12.460    -3.52    3.16
  82477.824    10.794    -4.43    2.67
  82853.790    10.049    -1.98    2.13
  83229.766     9.599    -1.20    2.26
  83605.752     9.849     0.66    2.04
  83981.748     9.899     0.13    2.20
  84357.753     9.447    -1.20    2.38
  84733.768     8.901    -1.45    2.50
  85109.792     7.925    -2.59    2.62
  85485.827     7.399    -1.40    2.41
  85861.870     7.124    -0.73    1.99
  86237.924     7.289     0.44    1.86
  86613.987     7.632     0.91    1.78
  86990.060     8.358     1.93    1.76
  87366.143     8.749     1.04    1.78
  87742.235     8.413    -0.89    1.92
  88118.338     8.358    -0.14    2.01
  88494.449     7.712    -1.72    1.68
  88870.571     7.105    -1.61    1.47
  89246.702     6.692    -1.10    1.54
  89622.843     5.974    -1.91    1.74
  89998.994     6.599     1.66    2.18
  90375.154     6.824     0.60    2.12
  90751.324     7.029     0.55    2.45
  91127.504     6.051    -2.60    3.21
  91503.694     4.692    -3.61    3.19
  91879.893     4.102    -1.57    2.67
  92256.102     3.410    -1.84    2.19
  92632.321     3.237    -0.46    2.18
  93008.549     3.249     0.03    1.71
  93384.787     3.474     0.60    1.61
  93761.035     3.549     0.20    1.77
  94137.293     3.949     1.06    1.77
  94513.561     4.256     0.81    1.54
  94889.838     4.608     0.94    1.65
  95266.125     5.179     1.52    1.44
  95642.422     5.617     1.16    1.06
  96018.728     6.169     1.47    1.12
  96395.044     6.153    -0.04    1.25
  96771.370     6.045    -0.29    1.35
  97147.706     6.079     0.09    1.35
  97524.052     6.218     0.37    1.43
  97900.407     6.333     0.31    1.39
  98276.772     6.632     0.80    1.42
  98653.147     6.730     0.26    1.39
  99029.532     6.743     0.03    1.46
  99405.926     6.827     0.22    1.56
  99782.330     7.153     0.87    1.79
 100158.744     7.315     0.43    1.74
 100535.168     7.743     1.14    1.80
 100911.601     8.076     0.89    1.45
 101288.045     8.692     1.63    1.54
 101664.498     9.211     1.38    1.48
 102040.961     9.799     1.56    1.43
 102417.434    10.410     1.62    1.50
 102793.916    10.820     1.09    1.73
 103170.409    11.774     2.53    1.80
 103546.911    13.113     3.56    2.42
 103923.423    14.274     3.08    3.31
 104299.945    15.549     3.39    3.51
 104676.476    16.574     2.72    3.19
 105053.018    18.435     4.94    3.29
 105429.569    20.563     5.65    3.46
 105806.130    22.617     5.45    3.63
 106182.701    24.461     4.90    3.08
 106559.282    25.924     3.88    2.99
 106935.872    27.899     5.24    3.66
 107312.473    29.512     4.28    4.20
 107689.083    30.974     3.88    3.80
 108065.703    31.999     2.72    3.06
 108442.333    33.174     3.12    2.55
 108818.973    33.717     1.44    2.73
 109195.622    35.047     3.53    3.33
 109572.282    36.549     3.99    4.02
 109948.951    37.632     2.88    4.44
 110325.630    39.599     5.22    4.22
 110702.319    40.999     3.72    3.83
 111079.018    41.349     0.93    3.73
 111455.727    41.999     1.73    3.77
 111830.584    42.435     1.16    3.21
 112205.347    42.632     0.52    3.09
 112580.119    41.974    -1.76    3.41
 112954.901    40.624    -3.60    2.86
 113329.693    40.047    -1.54    2.65
 113704.495    39.824    -0.60    2.96
 114079.306    41.624     4.80    3.64
 114454.127    43.658     5.43    4.19
 114828.958    45.688     5.42    4.72
 115203.799    47.948     6.03    4.18
 115578.650    49.974     5.40    4.69
 115953.510    50.824     2.27    4.68
 116328.380    51.922     2.93    5.33
 116703.260    52.450     1.41    5.63
 117078.149    52.333    -0.31    5.22
 117453.049    53.774     3.84    4.83
 117827.958    55.025     3.34    4.32
 118202.877    56.144     2.99    4.40
 118577.806    57.949     4.81    4.21
 118952.745    58.136     0.50    4.25
 119327.693    58.449     0.83    4.47
 119702.651    58.999     1.47    4.52
 120077.619    58.124    -2.33    4.07
 120452.597    57.724    -1.07    3.93
 120827.585    57.230    -1.32    3.63
 121202.583    57.211    -0.05    4.04
 121577.590    57.668     1.22    3.76
 121952.607    58.249     1.55    2.66
 122327.634    59.388     3.04    2.25
 122702.671    60.449     2.83    2.15
 123077.718    60.924     1.27    2.39
 123452.774    60.717    -0.55    3.81
 123827.840    58.259    -6.55    5.24
 124202.917    55.692    -6.85    5.46
 124578.003    54.599    -2.91    4.67
 124953.099    56.149     4.13    5.84
 125328.204    59.615     9.24    6.54
 125703.320    64.593    13.27    6.90
 126078.445    68.684    10.91    6.98
 126453.580    73.674    13.30    9.96
 126828.726    77.179     9.34   11.41
 127203.881    78.779     4.26   11.47
 127579.045    81.874     8.25   12.08
 127954.220    81.763    -0.29   11.68
 128329.405    84.410     7.05   12.58
 128704.599    87.549     8.37   14.18
 129079.803    90.025     6.60   15.33
 129455.018    93.049     8.06   14.82
 129830.242    93.076     0.07   13.74
 130205.476    91.281    -4.78   13.61
 130580.720    89.724    -4.15   13.04
 130955.973    87.674    -5.46   13.64
 131331.237    88.849     3.13   13.86
 131706.510    89.724     2.33   14.73
 132081.794    91.949     5.93   13.16
 132457.087    92.076     0.34   11.12
 132832.390    90.617    -3.89   10.64
 133207.703    91.153     1.43    9.74
 133583.026    90.799    -0.94    8.53
 133958.359    86.424   -11.66    8.14
 134333.702    83.274    -8.39    6.21
 134709.055    82.022    -3.33    5.39
 135084.417    84.237     5.90    7.43
 135459.790    91.174    18.48   10.58
 135835.172    98.871    20.51   11.82
 136210.565   103.559    12.49   11.12
 136585.967   110.925    19.62   11.46
 136961.379   111.868     2.51   12.50
 137336.802   109.563    -6.14   14.80
 137712.234   103.474   -16.22   16.83
 138087.676    94.640   -23.53   12.95
 138463.128    84.624   -26.68   13.13
 138838.590    77.333   -19.42   12.35
 139214.061    71.666   -15.09    9.27
 139589.543    73.001     3.56   12.62
 139965.035    84.124    29.62   20.56
 140340.537   100.149    42.68   20.62
 140716.048   111.624    30.56   18.30
 141091.570   118.435    18.14   15.28
 141467.101   127.076    23.01   20.19
 141842.643   141.188    37.58   31.02
 142218.194   168.871    73.72   35.04
 142593.756   190.974    58.86   29.01
 142969.327   204.799    36.81   16.03
 143344.909   205.324     1.40   16.49
 143720.500   201.188   -11.01   20.74
 144096.101   197.368   -10.17   20.09
 144471.713   194.574    -7.44   20.16
 144847.334   188.049   -17.37   24.87
 145222.965   178.120   -26.43   28.78
 145598.606   161.974   -42.99   38.04
 145974.258   133.410   -76.05   49.20
 146349.919   118.999   -38.36   43.17
 146725.590   122.099     8.25   41.31
 147101.271   139.999    47.65   45.10
 147476.963   169.799    79.33   25.09
 147852.664   181.053    29.96   14.20
 148228.375   187.717    17.74    6.09
 148604.096   190.163     6.51    4.71
 148979.827   190.324     0.43    4.41
 149355.569   188.199    -5.66    5.74
 149731.320   183.949   -11.31    6.00
 150107.081   179.179   -12.70    7.03
 150482.853   173.816   -14.27    6.02
 150858.634   169.045   -12.70    6.31
 151234.425   163.179   -15.61    9.67
 151610.227   148.199   -39.87   27.76
 151986.038   128.974   -51.16   34.69
 152361.859   124.692   -11.39   34.82
 152737.691   130.783    16.21   35.55
 153113.532   146.640    42.20   29.41
 153489.384   157.574    29.09   11.76
 153865.245   159.640     5.50    6.16
 154241.117   159.559    -0.22    6.43
 154616.999   158.069    -3.96    7.31
 154992.890   154.211   -10.27    7.96
 155368.792   150.499    -9.88    7.29
 155744.704   145.824   -12.44    7.48
 156120.626   140.535   -14.07    8.32
 156496.558   136.049   -11.93    7.75
 156872.500   132.271   -10.05    5.93
 157248.452   133.307     2.76    6.11
 157624.414   136.424     8.29    5.87
 158000.386   137.249     2.19    5.12
 158376.369   136.399    -2.26    5.19
 158752.361   132.474   -10.44    6.59
 159128.363   126.449   -16.03    7.54
 159504.376   120.406   -16.07    6.87
 159880.399   115.274   -13.65    6.64
 160256.431   110.779   -11.96    5.87
 160632.474   107.384    -9.03    5.59
 161008.527   103.524   -10.27    5.49
 161384.590   100.563    -7.87    5.50
 161760.663    97.664    -7.71    5.75
 162136.746    95.615    -5.45    6.20
 162512.839    95.399    -0.57    6.64
 162888.943    97.524     5.65    7.32
 163265.056   100.717     8.49    7.82
 163641.180   104.331     9.61    8.04
 164017.313   106.410     5.53    6.44
 164393.457   107.724     3.49    7.31
 164769.611   107.999     0.73    8.52
 165145.775   105.074    -7.78    7.99
 165521.949   102.974    -5.58    7.13
 165898.134   100.974    -5.32    6.15
 166274.328   100.922    -0.14    4.11
 166650.533   102.574     4.39    4.87
 167026.747   105.849     8.71    6.05
 167402.972   111.124    14.02    6.31
 167779.207   114.674     9.44    6.06
 168155.452   119.410    12.59    6.45
 168531.707   122.789     8.98    7.48
 168907.973   122.899     0.29    8.59
 169284.248   123.486     1.56    8.38
 169660.534   120.724    -7.34    7.86
 170036.830   116.949   -10.03    7.08
 170413.136   112.316   -12.31    7.58
 170789.452   105.474   -18.18    8.07
 171165.778    99.730   -15.26    7.24
 171542.115    96.230    -9.30    5.85
 171918.461    94.374    -4.93    7.79
 172294.818    93.105    -3.37    9.68
 172671.185    93.188     0.22   10.98
 173047.562    93.649     1.22   11.96
 173423.950    97.724    10.83   12.69
 173800.347   104.779    18.75   13.51
 174176.755   113.281    22.59   16.22
 174553.173   119.878    17.53   14.50
 174929.601   125.763    15.63   11.67
 175306.039   125.324    -1.17   12.50
 175682.488   118.599   -17.87   15.87
 176058.946   109.474   -24.24   16.35
 176435.415   107.624    -4.91   17.21
 176811.894   109.026     3.73   20.68
 177188.383   119.074    26.69   19.93
 177564.883   129.128    26.71   13.08
 177941.392   131.820     7.15   10.30
 178317.912   129.076    -7.29   10.30
 178694.442   121.816   -19.28   16.52
 179070.983   106.049   -41.88   29.05
 179447.533    89.435   -44.13   28.71
 179824.094    81.749   -20.41   24.90
 180200.665    83.657     5.07   23.21
 180577.246    91.399    20.56   23.44
 180953.838   100.437    24.00   21.14
 181330.439   101.922     3.94   19.81
 181707.051   101.099    -2.19   16.43
 182083.673   101.852     2.00   13.31
 182460.306   104.999     8.36    9.94
 182836.948   109.736    12.58    5.49
 183213.601   111.000     3.36    3.94
 183590.264   110.681    -0.85    3.83
 183966.938   108.563    -5.62    5.45
 184343.621   106.022    -6.75    6.83
 184720.315   102.378    -9.67    8.51
 185097.019   101.579    -2.12    6.93
 185473.734   101.899     0.85    6.03
 185850.458    96.574   -14.14   12.14
 186227.193    86.608   -26.46   19.41
 186603.169    75.779   -28.81   20.06
 186977.883    67.948   -20.90   17.24
 187352.607    67.224    -1.93   14.60
 187727.341    74.447    19.28   15.10
 188102.085    80.179    15.30   14.25
 188476.840    86.692    17.38   10.99
 188851.605    89.666     7.94    7.52
 189226.380    88.049    -4.32    7.19
 189601.165    83.316   -12.63    7.26
 189975.960    78.649   -12.45    7.38
 190350.765    77.794    -2.28    7.20
 190725.581    77.599    -0.52    6.13
 191100.407    80.852     8.68    7.94
 191475.243    83.769     7.78    7.19
 191850.089    83.291    -1.27    7.50
 192224.945    80.500    -7.45    7.80
 192599.812    76.283   -11.25    8.37
 192974.688    71.549   -12.63    9.81
 193349.575    66.999   -12.14    9.38
 193724.473    61.559   -14.51   10.69
 194099.380    57.102   -11.89    9.91
 194474.297    53.608    -9.32    9.73
 194849.225    50.868    -7.31   11.11
 195224.163    50.340    -1.41   13.39
 195599.111    46.174   -11.11   14.57
 195974.070    43.949    -5.93   12.46
 196349.038    45.299     3.60   11.69
 196724.017    46.447     3.06   11.64
 197099.006    51.948    14.67    6.98
 197474.005    56.474    12.07    7.57
 197849.015    59.102     7.01    8.41
 198224.035    60.754     4.41    7.10
 198599.065    59.949    -2.15    8.45
 198974.105    52.324   -20.33   13.77
 199349.155    40.589   -31.29   12.39
 199724.216    32.754   -20.89    9.69
 200099.287    30.266    -6.63    7.45
 200474.368    32.674     6.42   10.11
 200849.460    41.399    23.26   13.89
 201224.561    48.868    19.92   11.92
 201599.673    47.950    -2.45   10.44
 201974.795    43.820   -11.01   13.21
 202349.928    33.924   -26.38   12.57
 202725.071    22.949   -29.26   10.99
 203100.224    15.076   -20.99    9.16
 203475.387     9.664   -14.43    6.78
 203850.560     5.816   -10.26    4.29
 204225.744     6.274     1.22    4.64
 204600.938     8.799     6.73    7.58
 204976.143    11.474     7.13    8.75
 205351.357    15.899    11.79    8.97
 205726.582    18.501     6.94    9.57
 206101.817    22.179     9.80    9.17
 206477.063    24.640     6.56    8.43
 206852.319    26.249     4.29    7.95
 207227.585    28.774     6.73    7.45
 207602.861    28.049    -1.93    7.95
 207978.148    26.699    -3.60    7.83
 208353.445    25.316    -3.69    7.43
 208728.752    21.364   -10.53    6.24
 209104.070    19.705    -4.42    5.77
 209479.398    17.589    -5.64    6.90
 209854.736    14.649    -7.84    8.34
 210230.084    13.256    -3.71    9.31
 210605.443     8.997   -11.35    8.17
 210980.813     6.435    -6.83    7.52
 211356.192     4.899    -4.09    6.32
 211731.582     1.849    -8.13    5.22
 212106.982     0.256    -4.24    3.91
 212482.392    -0.669    -2.46    3.79
 212857.813    -0.737    -0.18    4.13
 213233.244     0.699     3.82    4.48
 213608.686     1.549     2.26    4.68
 213984.138     1.705     0.42    4.29
 214359.600     0.649    -2.81    4.62
 214735.073    -1.432    -5.54    5.55
 215110.555    -0.385     2.79    5.44
 215486.049     1.899     6.08    6.72
 215861.552     3.153     3.34    7.97
 216237.066     2.499    -1.74    8.61
 216612.590     0.149    -6.26    9.46
 216988.125    -4.184   -11.54    9.41
 217363.670    -4.721    -1.43   12.39
 217739.226    -9.576   -12.93   12.82
 218114.791   -13.978   -11.72   12.34
 218490.368   -18.401   -11.78    9.21
 218865.954   -20.551    -5.73    7.58
 219241.551   -20.842    -0.77    7.54
 219617.158   -22.122    -3.41    6.03
 219992.776   -22.052     0.19    5.12
 220368.404   -20.539     4.03    6.47
 220744.042   -20.726    -0.50    3.51
 221119.691   -19.924     2.14    3.24
 221495.350   -20.312    -1.03    2.51
 221871.020   -21.263    -2.53    2.96
 222246.700   -21.951    -1.83    2.81
 222622.391   -22.876    -2.46    2.64
 222998.091   -23.514    -1.70    2.24
 223373.803   -24.221    -1.88    2.25
 223749.524   -25.711    -3.96    2.57
 224125.256   -26.501    -2.10    2.54
 224500.999   -28.076    -4.19    2.37
 224876.752   -29.587    -4.02    2.55
 225252.515   -30.801    -3.23    2.24
 225628.289   -32.001    -3.19    2.17
 226004.073   -32.949    -2.53    1.91
 226379.868   -33.770    -2.18    1.60
 226755.673   -34.551    -2.08    1.15
 227131.488   -35.148    -1.59    1.10
 227507.314   -35.351    -0.54    1.02
 227883.150   -35.257     0.25    1.20
 228258.997   -34.756     1.33    1.64
 228634.854   -34.709     0.12    1.63
 229010.722   -34.488     0.59    1.59
 229386.600   -34.601    -0.30    1.34
 229762.489   -34.451     0.40    1.45
 230138.388   -34.513    -0.17    1.39
 230514.297   -34.598    -0.22    1.29
 230890.217   -34.642    -0.12    1.25
 231266.148   -34.726    -0.23    1.26
 231642.089   -34.693     0.09    1.15
 232018.040   -34.551     0.38    1.26
 232394.002   -34.375     0.47    1.17
 232769.974   -34.342     0.09    1.16
 233145.957   -34.401    -0.16    1.15
 233521.950   -34.719    -0.84    1.03
 233897.954   -34.904    -0.49    1.10
 234273.968   -35.270    -0.97    1.09
 234649.993   -35.565    -0.78    1.10
 235026.028   -35.667    -0.27    1.27
 235402.074   -35.701    -0.09    1.33
 235778.130   -35.751    -0.13    1.30
 236154.197   -35.751     0.00    1.38
 236530.274   -35.796    -0.12    1.33
 236906.361   -36.026    -0.61    1.24
 237282.460   -36.263    -0.63    0.97
 237658.568   -36.226     0.10    0.99
 238034.688   -36.251    -0.07    0.92
 238410.817   -36.276    -0.07    1.10
 238786.958   -35.926     0.93    1.17
 239163.108   -35.711     0.57    1.12
 239539.270   -35.979    -0.71    1.06
 239915.441   -36.206    -0.60    1.05
 240291.624   -36.526    -0.85    1.09
 240667.817   -36.851    -0.86    1.43
 241044.020   -36.949    -0.26    1.48
 241420.234   -37.098    -0.39    1.42
 241796.458   -37.155    -0.15    1.36
 242172.694   -37.276    -0.32    1.37
 242548.939   -37.206     0.19    1.32
 242925.195   -37.276    -0.19    1.30
 243301.462   -37.026     0.66    1.01
 243677.739   -37.132    -0.28    1.09
 244054.027   -37.151    -0.05    1.14
 244430.325   -37.151     0.00    1.18
 244806.634   -37.465    -0.83    1.18
 245182.953   -37.301     0.44    1.24
 245559.284   -37.132     0.45    1.43
 245935.624   -37.078     0.14    1.45
 246311.975   -36.751     0.87    1.57
 246688.337   -36.526     0.60    1.77
 247064.709   -36.526     0.00    1.89
 247441.092   -36.201     0.86    2.11
 247817.486   -36.180     0.06    2.24
 248193.890   -36.270    -0.24    2.19
 248570.304   -36.376    -0.28    2.06
 248946.729   -36.758    -1.01    1.94
 249323.165   -36.651     0.28    1.85
 249699.612   -36.701    -0.13    1.70
 250076.069   -36.474     0.60    1.62
 250452.536   -36.479    -0.01    1.53
 250829.015   -36.488    -0.02    1.62
 251205.503   -36.551    -0.17    1.72
 251582.003   -36.401     0.40    1.67
 251958.513   -36.231     0.45    1.67
 252335.033   -35.883     0.92    1.41
 252711.565   -35.949    -0.18    0.96
 253088.107   -36.001    -0.14    0.95
 253464.659   -36.176    -0.46    0.95
 253841.222   -35.949     0.60    1.13
 254217.796   -35.812     0.36    1.14
 254594.380   -35.789     0.06    1.08
 254970.975   -35.751     0.10    0.93
 255347.581   -35.476     0.73    1.04
 255724.197   -35.490    -0.04    1.05
 256100.824   -35.451     0.10    1.20
 256477.462   -35.675    -0.59    1.16
 256854.110   -35.926    -0.67    1.10
 257230.769   -36.001    -0.20    1.03
 257607.438   -36.251    -0.66    0.83
 257984.119   -36.126     0.33    0.84
 258360.809   -36.301    -0.46    0.85
 258737.511   -36.488    -0.50    0.82
 259114.223   -36.411     0.20    1.02
 259490.946   -36.676    -0.70    1.03
 259867.679   -36.685    -0.02    1.04
 260244.423   -36.801    -0.31    0.95
 260621.178   -36.526     0.73    0.93
 260997.944   -36.395     0.35    0.88
 261374.720   -36.173     0.59    1.01
 261749.781   -36.026     0.39    1.14
 262124.448   -35.376     1.74    1.98
 262499.125   -33.801     4.20    3.83
 262873.814   -32.421     3.68    5.11
 263248.513   -30.654     4.72    5.95
 263623.222   -29.796     2.29    5.80
 263997.942   -30.726    -2.48    5.49
 264372.672   -32.401    -4.47    4.63
 264747.414   -33.129    -1.94    3.60
 265122.165   -33.145    -0.04    3.59
 265496.928   -32.105     2.78    3.99
 265871.700   -31.251     2.28    4.33
 266246.484   -30.651     1.60    4.86
 266621.278   -30.246     1.08    4.14
 266996.083   -30.051     0.52    3.63
 267370.898   -29.211     2.24    3.07
 267745.724   -28.180     2.75    3.27
 268120.560   -26.626     4.15    2.95
 268495.407   -25.476     3.07    2.77
 268870.265   -25.576    -0.27    3.23
 269245.133   -25.851    -0.73    3.50
 269620.012   -26.126    -0.73    3.43
 269994.901   -26.776    -1.73    3.39
 270369.801   -25.076     4.54    4.10
 270744.712   -23.513     4.17    4.02
 271119.633   -22.076     3.83    3.70
 271494.565   -21.001     2.87    2.86
 271869.508   -21.360    -0.96    2.45
 272244.461   -21.145     0.57    2.55
 272619.425   -21.026     0.32    2.26
 272994.399   -21.417    -1.04    2.37
 273369.384   -21.155     0.70    2.27
 273744.380   -21.126     0.08    2.27
 274119.386   -20.026     2.93    2.73
 274494.403   -19.026     2.67    2.61
 274869.431   -19.026     0.00    2.62
 275244.469   -18.651     1.00    2.43
 275619.518   -19.270    -1.65    2.40
 275994.578   -19.951    -1.82    2.27
 276369.648   -20.826    -2.33    2.97
 276744.729   -21.601    -2.07    3.06
 277119.820   -21.898    -0.79    3.25
 277494.923   -20.851     2.79    3.92
 277870.036   -20.001     2.27    3.66
 278245.159   -19.001     2.67    3.47
 278620.293   -19.124    -0.33    3.64
 278995.438   -19.076     0.13    4.68
 279370.594   -17.976     2.93    4.69
 279745.760   -16.796     3.15    5.55
 280120.937   -13.465     8.88    5.55
 280496.125   -11.368     5.59    5.14
 280871.323    -9.953     3.77    4.60
 281246.532    -8.776     3.14    3.52
 281621.752    -9.316    -1.44    3.74
 281996.983   -11.957    -7.04    9.03
 282372.224   -17.076   -13.65   11.99
 282747.476   -23.726   -17.72   11.16
 283122.738   -29.929   -16.53    6.98
 283498.011   -31.847    -5.11    3.33
 283873.295   -31.812     0.09    2.87
 284248.590   -31.770     0.11    2.96
 284623.896   -31.501     0.72    2.80
 284999.212   -31.176     0.87    2.18
 285374.538   -30.576     1.60    1.89
 285749.876   -30.276     0.80    1.71
 286125.224   -30.387    -0.30    1.61
 286500.583   -30.626    -0.64    1.35
 286875.953   -30.601     0.07    1.13
 287251.334   -30.465     0.36    1.25
 287626.725   -29.851     1.64    1.22
 288002.127   -29.726     0.33    1.30
 288377.540   -29.796    -0.18    1.37
 288752.963   -29.868    -0.19    1.20
 289128.397   -29.726     0.38    1.32
 289503.842   -29.539     0.50    1.60
 289879.298   -28.951     1.56    1.67
 290254.764   -28.476     1.27    1.85
 290630.242   -28.895    -1.11    2.11
 291005.730   -29.122    -0.60    2.15
 291381.229   -29.770    -1.73    2.09
 291756.738   -28.926     2.25    3.04
 292132.258   -27.451     3.93    4.13
 292507.789   -26.488     2.57    3.61
 292883.331   -25.890     1.59    3.52
 293258.884   -26.513    -1.66    3.27
 293634.447   -26.901    -1.03    3.05
 294010.022   -26.651     0.67    3.76
 294385.607   -25.880     2.05    4.16
 294761.202   -25.050     2.21    4.46
 295136.809   -24.158     2.38    4.47
 295512.426   -24.276    -0.32    4.44
 295888.055   -24.565    -0.77    4.37
