-198193.422   605.532     0.00    5.48
-197816.952   608.838     8.78    6.83
-197440.474   611.493     7.05    6.53
-197063.988   613.707     5.88    5.40
-196687.494   611.940    -4.69    6.51
-196310.992   607.332   -12.24    7.59
-195934.482   602.936   -11.67    6.34
-195557.965   600.782    -5.72    5.85
-195181.439   598.834    -5.18    7.11
-194804.906   598.167    -1.77    6.92
-194428.365   593.734   -11.77    8.94
-194051.815   587.917   -15.44    9.29
-193675.258   581.514   -17.00    8.07
-193298.694   577.519   -10.61    5.97
-192923.195   577.859     0.91    5.13
-192548.189   578.457     1.59    4.97
-192173.175   578.350    -0.29    4.51
-191798.154   577.603    -1.99    5.03
-191423.125   578.423     2.19    5.59
-191048.088   581.072     7.06    6.13
-190673.043   583.295     5.93    6.11
-190297.990   585.539     5.98    5.86
-189922.929   585.831     0.78    6.45
-189547.861   583.603    -5.94    6.70
-189172.785   580.295    -8.82    6.65
-188797.701   575.731   -12.17    5.46
-188422.609   571.654   -10.87    6.54
-188047.509   566.332   -14.19    7.11
-187672.401   560.809   -14.72    7.16
-187297.286   554.382   -17.13    9.90
-186922.162   546.861   -20.05   10.32
-186547.031   540.295   -17.50    8.17
-186171.892   535.207   -13.56    6.42
-185796.745   531.377   -10.21    6.37
-185421.590   528.519    -7.62    6.67
-185046.427   525.885    -7.02    7.93
-184671.257   523.167    -7.24    7.87
-184296.078   521.731    -3.83    7.97
-183920.892   519.013    -7.24   10.82
-183545.698   513.914   -13.59   13.19
-183170.496   508.393   -14.71   14.23
-182795.286   499.857   -22.75   11.80
-182420.068   497.295    -6.83    9.52
-182044.842   494.519    -7.40    8.43
-181669.609   489.757   -12.69    9.08
-181294.367   484.577   -13.80    9.68
-180919.118   478.232   -16.91    9.23
-180543.861   472.218   -16.03    7.65
-180168.595   470.167    -5.47    7.05
-179793.322   467.414    -7.34    6.23
-179418.041   467.193    -0.59    6.68
-179042.752   465.857    -3.56    6.38
-178667.456   463.588    -6.05    5.51
-178292.151   460.372    -8.57    5.32
-177916.838   456.072   -11.46    6.04
-177541.518   451.256   -12.83    6.88
-177166.189   445.962   -14.10    7.02
-176790.853   440.519   -14.50    8.41
-176415.509   435.244   -14.05    7.67
-176040.157   431.654    -9.56    6.06
-175664.796   429.782    -4.99    5.80
-175289.428   429.026    -2.01    6.27
-174914.052   427.945    -2.88    6.23
-174538.669   426.490    -3.88    6.91
-174163.277   424.962    -4.07    6.48
-173787.877   424.082    -2.34    6.52
-173412.469   424.987     2.41    8.27
-173037.054   426.270     3.41    8.63
-172661.630   428.148     5.00    8.46
-172286.198   428.230     0.22    7.46
-171910.759   425.607    -6.98    7.53
-171535.312   422.323    -8.75    7.03
-171159.856   420.075    -5.99    8.45
-170784.393   418.603    -3.92    9.20
-170408.922   420.756     5.73   11.13
-170033.442   419.116    -4.37    9.75
-169657.955   416.703    -6.42    9.51
-169282.460   415.013    -4.50    9.23
-168906.957   411.809    -8.53    8.74
-168531.446   412.270     1.23    8.60
-168155.927   416.782    12.02   11.67
-167780.400   422.060    14.05   13.21
-167404.865   426.907    12.91   10.43
-167029.322   427.475     1.51   10.76
-166653.771   426.361    -2.96   10.46
-166278.212   423.732    -7.00    9.22
-165902.645   421.603    -5.67   10.08
-165527.070   415.457   -16.36   12.28
-165151.487   409.193   -16.68   13.76
-164775.896   402.682   -17.33   13.10
-164400.297   395.493   -19.14   13.71
-164024.690   389.628   -15.61   13.15
-163649.075   384.107   -14.70   11.36
-163273.453   378.032   -16.17    9.26
-162897.822   373.885   -11.04    8.30
-162522.183   369.962   -10.44    7.05
-162146.536   367.039    -7.78    6.61
-161770.881   361.244   -15.42    7.96
-161395.218   355.256   -15.94   10.32
-161019.547   350.808   -11.84    9.02
-160643.868   348.019    -7.42    7.82
-160268.182   346.482    -4.09    8.51
-159892.487   344.856    -4.33    9.23
-159516.784   341.539    -8.83    9.52
-159141.073   337.782   -10.00    8.68
-158765.354   334.545    -8.61    8.45
-158389.627   332.465    -5.54    8.79
-158013.892   331.449    -2.70    8.92
-157638.148   330.705    -1.98    9.48
-157262.397   332.582     4.99    9.00
-156886.638   333.809     3.26    7.15
-156510.871   334.532     1.93    5.16
-156135.096   333.999    -1.42    4.80
-155759.312   331.221    -7.39    5.91
-155383.521   328.361    -7.61    6.04
-155007.722   326.045    -6.16    5.76
-154631.914   324.013    -5.41    5.17
-154256.099   322.993    -2.71    3.93
-153880.275   320.962    -5.40    4.35
-153504.444   317.782    -8.46    4.94
-153128.604   314.519    -8.68    5.40
-152752.756   309.361   -13.72    6.61
-152376.900   303.477   -15.66    8.87
-152001.036   299.032   -11.82    7.94
-151625.165   294.882   -11.04    6.93
-151249.285   292.731    -5.72    7.36
-150873.397   291.482    -3.32    8.34
-150497.500   291.398    -0.23    7.83
-150121.596   288.457    -7.82    6.91
-149745.684   287.013    -3.84    7.70
-149369.763   289.107     5.57    8.45
-148993.835   291.414     6.14    9.28
-148617.898   294.911     9.30    6.49
-148241.954   295.807     2.38    4.72
-147866.001   293.171    -7.01    5.64
-147490.040   291.859    -3.49    5.53
-147114.071   289.423    -6.48    5.33
-146738.094   287.270    -5.73    4.64
-146362.109   285.732    -4.09    4.87
-145986.116   283.921    -4.82    5.13
-145610.115   282.045    -4.99    5.88
-145234.105   279.701    -6.23    5.37
-144858.088   277.270    -6.47    5.96
-144482.062   275.124    -5.71    7.39
-144106.028   272.949    -5.78    8.60
-143729.986   269.953    -7.97    7.76
-143353.937   268.834    -2.98    7.30
-142977.878   267.414    -3.77    6.47
-142601.812   267.282    -0.35    6.91
-142225.738   268.500     3.24    7.45
-141849.655   267.734    -2.04    7.93
-141473.565   268.677     2.51    8.89
-141097.466   269.657     2.61    9.27
-140721.359   267.967    -4.50    8.93
-140345.244   269.490     4.05    8.75
-139969.121   271.607     5.63   10.25
-139592.990   272.598     2.63   12.37
-139216.850   276.207     9.59   13.24
-138840.703   285.398    24.43   22.09
-138464.547   292.929    20.02   27.39
-138088.383   296.382     9.18   26.18
-137712.211   287.566   -23.43   12.20
-137336.031   281.809   -15.30   10.59
-136959.842   278.134    -9.77   13.54
-136583.646   275.907    -5.92   20.45
-136207.441   277.207     3.46   24.93
-135831.228   276.332    -2.33   27.21
-135455.007   273.332    -7.97   23.84
-135078.778   266.440   -18.32   23.28
-134702.541   254.682   -31.25   19.72
-134326.295   245.514   -24.37   15.28
-133950.042   238.577   -18.44   13.58
-133573.780   228.557   -26.63   16.30
-133197.510   216.282   -32.62   16.28
-132821.231   205.709   -28.10   14.96
-132444.945   200.295   -14.39   11.58
-132068.650   199.295    -2.66   11.00
-131692.348   200.731     3.82   12.92
-131316.037   202.603     4.97   13.41
-130939.718   202.343    -0.69   12.70
-130563.390   203.053     1.88   13.17
-130187.055   201.563    -3.96   12.26
-129810.711   202.045     1.28   13.18
-129434.359   202.705     1.75   13.07
-129057.999   204.572     4.96   11.64
-128681.630   208.296     9.89   11.66
-128305.254   221.557    35.23   24.29
-127928.869   238.577    45.22   27.37
-127552.476   250.526    31.74   26.18
-127176.075   261.577    29.36   20.31
-126799.665   263.282     4.53   16.06
-126423.248   259.124   -11.05   12.98
-126046.822   256.141    -7.92   10.70
-125670.388   257.151     2.68   10.17
-125293.945   260.757     9.58    9.77
-124917.495   266.270    14.64   10.99
-124541.036   269.832     9.46   11.94
-124164.569   270.346     1.37   12.58
-123788.093   267.482    -7.61   11.78
-123411.610   259.730   -20.59   16.20
-123035.118   246.654   -34.73   17.39
-122658.618   237.026   -25.57   18.20
-122282.110   225.755   -29.94   18.51
-121905.593   217.116   -22.94   21.72
-121529.069   207.628   -25.20   21.49
-121152.536   197.218   -27.65   11.93
-120775.994   192.557   -12.38   11.44
-120399.445   196.098     9.40   26.24
-120022.887   196.167     0.18   34.26
-119646.321   191.218   -13.14   30.27
-119269.747   185.388   -15.48   19.64
-118893.164   181.148   -11.26   13.65
-118516.573   178.890    -5.99   11.45
-118140.152   178.007    -2.35   10.07
-117765.197   178.321     0.84    8.73
-117390.233   177.398    -2.46    8.24
-117015.262   179.832     6.49    9.31
-116640.282   189.398    25.51   26.29
-116265.294   199.568    27.12   26.56
-115890.297   207.782    21.90   24.50
-115515.293   217.107    24.86   22.71
-115140.280   225.572    22.57   18.27
-114765.259   234.465    23.71   18.40
-114390.230   241.632    19.11   13.85
-114015.192   243.013     3.68   14.32
-113640.147   240.398    -6.97   16.82
-113265.093   230.007   -27.70   19.85
-112890.031   218.449   -30.82   17.13
-112514.961   204.482   -37.24   15.11
-112139.882   196.335   -21.72   11.81
-111764.795   188.404   -21.14    8.56
-111389.700   185.616    -7.43    7.34
-111014.597   189.382    10.04    9.31
-110639.485   191.407     5.40    8.54
-110264.366   192.987     4.21    7.52
-109889.238   192.398    -1.57    6.30
-109514.101   191.598    -2.13    6.02
-109138.957   188.473    -8.33    7.66
-108763.804   184.885    -9.56    9.60
-108388.643   180.232   -12.40    9.46
-108013.474   171.885   -22.25    9.46
-107638.296   165.628   -16.67   11.43
-107263.111   159.520   -16.28   11.09
-106887.917   155.019   -12.00    8.75
-106512.714   153.982    -2.76    7.45
-106137.504   157.232     8.66    8.52
-105762.285   162.257    13.39    7.07
-105387.058   166.182    10.46    5.68
-105011.822   168.458     6.06    5.19
-104636.579   168.674     0.58    5.86
-104261.327   168.440    -0.62    6.00
-103886.067   169.682     3.31    6.31
-103510.798   170.557     2.33    5.83
-103135.521   171.167     1.62    6.27
-102760.236   170.807    -0.96    6.86
-102384.943   170.467    -0.91    7.14
-102009.641   172.563     5.59    7.18
-101634.331   172.557    -0.01    7.57
-101259.013   172.834     0.74    7.87
-100883.686   172.007    -2.20    7.76
-100508.352   170.680    -3.54    9.01
-100133.008   171.639     2.56    9.66
 -99757.657   173.282     4.38    9.33
 -99382.297   175.423     5.70    9.08
 -99006.929   175.013    -1.09    8.86
 -98631.553   172.295    -7.24    9.39
 -98256.168   169.382    -7.76   10.98
 -97880.775   169.310    -0.19   11.48
 -97505.373   171.256     5.18   11.40
 -97129.964   172.361     2.94    8.79
 -96754.546   170.045    -6.17    9.37
 -96379.119   167.193    -7.60    9.26
 -96003.685   167.053    -0.37   12.19
 -95628.242   171.457    11.73   14.97
 -95252.790   178.519    18.81   17.70
 -94877.331   182.526    10.67   16.31
 -94501.863   184.904     6.33   14.04
 -94126.386   183.013    -5.04   10.74
 -93750.902   178.319   -12.50    8.68
 -93375.409   173.628   -12.49    9.50
 -92999.907   169.232   -11.71    8.91
 -92624.398   165.993    -8.63    9.43
 -92248.879   162.628    -8.96    6.93
 -91873.353   163.557     2.47    7.61
 -91497.818   164.519     2.56    8.23
 -91122.275   163.457    -2.83    8.76
 -90746.723   163.045    -1.10    8.26
 -90371.164   163.636     1.57    8.00
 -89995.595   163.657     0.06    7.03
 -89620.019   166.835     8.46    6.50
 -89244.434   168.598     4.69    6.88
 -88868.840   171.269     7.11    8.70
 -88493.239   174.057     7.42    7.88
 -88117.628   175.577     4.05    7.28
 -87742.010   176.475     2.39    6.54
 -87366.383   177.218     1.98    5.90
 -86990.748   176.477    -1.97    5.98
 -86615.104   175.707    -2.05    7.00
 -86239.452   174.577    -3.01    7.20
 -85863.792   175.624     2.79    8.58
 -85488.123   181.557    15.79   11.41
 -85112.445   185.859    11.45   12.64
 -84736.760   189.582     9.91   12.53
 -84361.066   190.911     3.54   11.51
 -83985.363   188.557    -6.26   10.93
 -83609.652   185.835    -7.25    8.57
 -83233.933   182.116    -9.90    6.33
 -82858.206   179.982    -5.68    5.95
 -82482.469   179.866    -0.31    7.14
 -82106.725   181.962     5.58    9.73
 -81730.972   184.449     6.62   11.03
 -81355.211   185.987     4.09   11.01
 -80979.441   185.407    -1.54   11.65
 -80603.663   186.242     2.22   15.66
 -80227.876   184.545    -4.51   11.35
 -79852.081   181.321    -8.58   10.00
 -79476.278   184.382     8.15   11.41
 -79100.466   191.270    18.33   19.70
 -78724.645   193.624     6.26   19.63
 -78348.817   190.657    -7.89   20.64
 -77972.979   181.757   -23.68   24.55
 -77597.134   167.932   -36.78   21.01
 -77221.280   151.157   -44.63   14.96
 -76845.417   142.141   -23.99   13.30
 -76469.546   130.682   -30.49   16.50
 -76093.667   119.519   -29.70   19.06
 -75717.779   107.148   -32.91   21.34
 -75341.882    91.193   -42.45   15.38
 -74965.977    82.002   -24.45    7.82
 -74590.064    76.013   -15.93    5.33
 -74214.142    71.526   -11.94    4.50
 -73838.212    67.834    -9.82    4.05
 -73462.273    64.372    -9.21    3.27
 -73086.326    62.757    -4.30    3.26
 -72710.371    61.116    -4.36    2.87
 -72334.407    59.945    -3.11    2.70
 -71958.434    58.624    -3.51    2.09
 -71582.453    57.893    -1.94    2.01
 -71206.463    58.057     0.44    2.11
 -70830.465    59.207     3.06    3.14
 -70454.459    61.732     6.72    3.89
 -70078.444    64.141     6.41    3.42
 -69702.420    66.026     5.01    2.88
 -69326.388    68.758     7.27    3.77
 -68950.348    71.705     7.84    5.26
 -68574.299    75.911    11.18    6.64
 -68198.241    81.232    14.15    7.18
 -67822.175    86.167    13.12    8.26
 -67446.101    89.563     9.03    8.70
 -67070.018    91.193     4.33    9.16
 -66693.926    91.532     0.90    8.90
 -66317.826    91.321    -0.56    8.12
 -65941.718    94.757     9.14   10.63
 -65565.600   100.482    15.22   10.82
 -65189.475   108.005    20.00   10.39
 -64813.341   114.256    16.62    8.40
 -64437.198   116.861     6.93    8.73
 -64061.047   118.756     5.04    8.58
 -63684.887   121.808     8.11    8.19
 -63308.719   124.519     7.21    9.56
 -62932.542   127.962     9.15    8.81
 -62556.357   131.282     8.83    6.96
 -62180.163   133.940     7.06    8.05
 -61803.961   137.977    10.73    9.56
 -61427.750   141.467     9.27   10.88
 -61051.530   146.319    12.90   10.15
 -60675.302   150.449    10.98    8.53
 -60299.066   153.107     7.07   10.54
 -59922.821   155.603     6.63   14.21
 -59546.567   153.013    -6.88   16.23
 -59170.305   148.465   -12.09   16.81
 -58794.034   143.467   -13.28   13.10
 -58417.754   137.732   -15.24   11.39
 -58041.467   134.863    -7.62   11.67
 -57665.170   135.392     1.40   11.12
 -57288.865   132.532    -7.60   11.04
 -56912.551   127.414   -13.60   16.55
 -56536.229   113.423   -37.18   21.02
 -56159.898   101.882   -30.67   13.54
 -55783.559   101.167    -1.90   11.40
 -55407.211   103.982     7.48    9.97
 -55030.855   106.377     6.36    6.10
 -54654.489   107.458     2.87    5.23
 -54278.116   109.032     4.18    4.65
 -53901.733   111.582     6.77    5.50
 -53525.343   116.831    13.94    8.26
 -53148.943   123.193    16.90   11.26
 -52772.535   129.707    17.31   12.55
 -52396.118   136.782    18.80   10.65
 -52019.693   139.416     7.00   11.53
 -51643.259   143.132     9.87   11.45
 -51266.817   147.654    12.01   10.20
 -50890.366   153.907    16.61   12.01
 -50513.906   161.603    20.44   11.36
 -50137.437   168.639    18.69   10.33
 -49760.961   179.756    29.53   12.72
 -49384.475   190.244    27.86   17.78
 -49007.981   205.423    40.32   21.24
 -48631.478   219.654    37.80   15.49
 -48254.967   224.441    12.71   10.73
 -47878.446   224.296    -0.39   12.72
 -47501.918   214.538   -25.91   14.02
 -47125.380   206.098   -22.42   10.83
 -46748.835   202.039   -10.78    8.63
 -46372.280   197.885   -11.03    7.31
 -45995.717   196.624    -3.35    8.43
 -45619.145   198.382     4.67   11.17
 -45242.564   199.064     1.81   12.25
 -44865.975   201.577     6.67   12.14
 -44489.377   199.782    -4.77   11.56
 -44112.771   194.671   -13.57   11.58
 -43736.156   188.807   -15.57   10.84
 -43359.532   181.167   -20.28    9.18
 -42983.827   175.270   -15.70    9.03
 -42608.914   169.526   -15.32    9.04
 -42233.993   164.500   -13.40    7.04
 -41859.063   160.173   -11.54    5.36
 -41484.124   157.218    -7.88    4.65
 -41109.177   155.107    -5.63    4.12
 -40734.222   154.993    -0.31    4.92
 -40359.258   156.221     3.28    5.03
 -39984.285   159.632     9.10    6.57
 -39609.303   161.485     4.94    5.83
 -39234.313   161.346    -0.37    6.96
 -38859.315   158.007    -8.90    9.84
 -38484.308   154.526    -9.28   11.61
 -38109.292   148.482   -16.12   12.61
 -37734.268   144.072   -11.76   10.96
 -37359.235   145.572     4.00   19.60
 -36984.193   150.282    12.56   22.98
 -36609.143   151.932     4.40   20.73
 -36234.084   157.124    13.84   16.92
 -35859.016   157.449     0.87   10.15
 -35483.940   157.732     0.76    7.47
 -35108.856   155.936    -4.79    7.80
 -34733.762   149.416   -17.38   10.42
 -34358.660   141.423   -21.31    8.00
 -33983.550   136.407   -13.37    7.30
 -33608.431   131.603   -12.81    5.54
 -33233.303   131.295    -0.82    6.45
 -32858.166   138.401    18.94   18.64
 -32483.021   147.940    25.43   29.01
 -32107.867   161.372    35.80   30.46
 -31732.705   171.507    27.02   27.44
 -31357.534   172.026     1.38   26.25
 -30982.354   159.982   -32.10   18.80
 -30607.166   150.477   -25.33    6.15
 -30231.969   146.566   -10.42    5.21
 -29856.763   142.431   -11.02    5.49
 -29481.549   140.557    -4.99    6.77
 -29106.326   136.732   -10.19    7.75
 -28731.094   135.532    -3.20   10.62
 -28355.854   132.807    -7.26   12.74
 -27980.605   131.098    -4.55   15.00
 -27605.347   128.957    -5.70   16.34
 -27230.081   128.807    -0.40   18.67
 -26854.806   125.218    -9.56   17.00
 -26479.522   121.182   -10.75   15.43
 -26104.229   117.834    -8.92   17.65
 -25728.928   109.616   -21.90   17.86
 -25353.619    98.309   -30.13   10.07
 -24978.300    92.398   -15.75    6.21
 -24602.973    88.064   -11.55    4.05
 -24227.637    84.577    -9.29    4.05
 -23852.293    81.907    -7.11    3.72
 -23476.940    79.310    -6.92    3.25
 -23101.578    77.932    -3.67    2.30
 -22726.207    76.177    -4.68    3.07
 -22350.828    74.414    -4.70    3.23
 -21975.440    73.244    -3.12    4.35
 -21600.043    72.598    -1.72    4.53
 -21224.638    71.707    -2.37    4.23
 -20849.223    71.936     0.61    4.09
 -20473.801    71.888    -0.13    3.86
 -20098.369    72.173     0.76    3.56
 -19722.929    73.888     4.57    3.59
 -19347.480    76.587     7.19    3.64
 -18972.022    78.552     5.23    6.49
 -18596.555    80.382     4.88    8.55
 -18221.080    83.372     7.96    9.26
 -17845.596    85.577     5.87    9.03
 -17470.104    86.538     2.56    6.36
 -17094.602    87.335     2.12    4.53
 -16719.092    90.982     9.71    7.82
 -16343.573    96.309    14.18   10.43
 -15968.045   100.660    11.59    8.94
 -15592.509   104.808    11.04    5.72
 -15216.964   106.256     3.86    5.63
 -14841.410   109.090     7.55    5.56
 -14465.847   112.177     8.22    4.58
 -14090.276   113.090     2.43    4.32
 -13714.696   113.177     0.23    4.67
 -13339.107   112.493    -1.82    4.68
 -12963.509   112.859     0.98    5.23
 -12587.903   114.699     4.90    5.59
 -12212.288   114.482    -0.58    4.99
 -11836.664   114.457    -0.07    4.75
 -11461.031   112.632    -4.86    4.17
 -11085.389   108.552   -10.86    5.57
 -10709.739   104.519   -10.73    5.21
 -10334.080   100.235   -11.41    4.90
  -9958.412    96.270   -10.56    4.73
  -9582.735    93.382    -7.69    4.52
  -9207.050    90.603    -7.40    4.29
  -8831.356    88.857    -4.65    5.36
  -8455.653    87.075    -4.74    5.92
  -8079.941    85.124    -5.19    6.16
  -7704.220    84.382    -1.98    5.80
  -7328.491    82.859    -4.05    5.40
  -6952.753    79.831    -8.06    6.51
  -6577.006    74.882   -13.17    7.19
  -6201.250    70.296   -12.21    6.01
  -5825.485    65.566   -12.59    6.09
  -5449.712    60.388   -13.78    6.01
  -5073.930    56.957    -9.13    6.11
  -4698.139    51.957   -13.31    5.87
  -4322.339    48.582    -8.98    5.30
  -3946.530    44.257   -11.51    4.65
  -3570.712    40.728    -9.39    4.64
  -3194.886    37.232    -9.30    5.03
  -2819.051    33.295   -10.48    4.58
  -2443.207    29.809    -9.27    4.24
  -2067.354    25.057   -12.64    6.42
  -1691.492    19.124   -15.78    9.05
  -1315.622    12.660   -17.20    9.48
   -939.743     5.932   -17.90    6.65
   -563.854     2.372    -9.47    2.77
   -187.957     0.577    -4.77    1.78
    187.948    -0.448    -2.73    1.27
    563.863    -0.120     0.87    1.85
    939.787     0.350     1.25    1.95
   1315.719     1.398     2.79    2.23
   1691.660     1.911     1.36    2.03
   2067.611     1.782    -0.34    1.89
   2443.570     2.007     0.60    1.53
   2819.537     2.309     0.80    1.16
   3195.514     2.398     0.24    1.23
   3571.500     2.141    -0.68    1.60
   3947.494     2.321     0.48    1.85
   4323.498     2.295    -0.07    2.03
   4699.510     2.674     1.01    1.82
   5075.531     2.507    -0.44    1.66
   5451.561     2.372    -0.36    1.45
   5827.600     2.282    -0.24    1.36
   6203.647     1.732    -1.46    1.47
   6579.704     1.116    -1.64    1.38
   6955.770     0.514    -1.60    1.20
   7331.844     0.423    -0.24    1.33
   7707.927     0.557     0.36    1.42
   8084.019     0.624     0.18    1.26
   8460.121     1.457     2.21    2.66
   8836.231     2.709     3.33    4.08
   9212.349     4.651     5.16    4.83
   9588.477     5.632     2.61    4.38
   9964.614     6.321     1.83    3.58
  10340.760     6.953     1.68    3.15
  10716.914     8.882     5.13    3.26
  11093.078    12.107     8.57    4.04
  11469.250    16.244    11.00    5.71
  11845.431    21.654    14.38    6.78
  12221.621    27.834    16.43   11.79
  12597.821    37.936    26.85   17.38
  12974.029    44.007    16.14   19.31
  13350.246    48.835    12.83   18.04
  13726.471    49.199     0.97   15.91
  14102.706    45.482    -9.88    9.40
  14478.950    46.563     2.87    6.22
  14855.203    47.808     3.31    5.43
  15231.465    50.857     8.10    5.22
  15607.735    53.993     8.33    4.90
  15984.015    56.182     5.82    5.13
  16360.303    59.552     8.95    4.94
  16736.601    61.682     5.66    5.07
  17112.907    65.707    10.70    4.83
  17489.223    68.808     8.24    3.77
  17865.547    71.246     6.48    3.40
  18241.880    74.230     7.93    3.61
  18618.222    77.295     8.15    4.61
  18994.574    81.507    11.19    5.10
  19370.934    85.732    11.23    4.79
  19747.303    89.382     9.70    4.29
  20123.681    92.949     9.48    3.91
  20500.068    93.372     1.12    3.77
  20876.464    92.577    -2.11    4.16
  21252.869    91.552    -2.72    4.28
  21629.283    89.141    -6.40    4.17
  22005.707    87.598    -4.10    4.45
  22382.139    86.732    -2.30    4.46
  22758.580    85.116    -4.29    4.46
  23135.030    84.731    -1.02    3.92
  23511.489    85.246     1.37    3.49
  23887.957    87.019     4.71    4.15
  24264.434    90.514     9.28    4.91
  24640.920    93.987     9.23    4.94
  25017.415    97.457     9.22    5.42
  25393.919   101.731    11.35    5.35
  25770.432   105.207     9.23    5.95
  26146.954   109.465    11.31    6.53
  26523.485   113.045     9.51    6.23
  26900.025   117.532    11.92    5.87
  27276.574   122.045    11.99    5.80
  27653.132   125.099     8.11    6.27
  28029.699   128.682     9.51    5.97
  28406.275   129.701     2.71    5.59
  28782.860   131.832     5.66    5.17
  29159.455   134.382     6.77    5.09
  29536.058   137.007     6.97    6.16
  29912.670   142.132    13.61    6.18
  30289.292   145.620     9.26    4.65
  30665.922   147.863     5.96    2.89
  31042.561   146.730    -3.01    4.48
  31419.210   144.357    -6.30    5.52
  31795.867   139.977   -11.63    6.18
  32170.785   135.832   -11.06    6.06
  32545.652   130.632   -13.87    5.73
  32920.528   126.282   -11.60    5.37
  33295.414   121.904   -11.68    5.84
  33670.308   117.532   -11.66    5.78
  34045.211   114.962    -6.86    5.36
  34420.123   113.332    -4.35    5.12
  34795.044   112.603    -1.95    5.14
  35169.974   112.759     0.42    4.38
  35544.913   112.885     0.34    4.87
  35919.861   112.936     0.14    5.69
  36294.818   114.423     3.97    6.19
  36669.784   116.457     5.42    5.87
  37044.759   118.682     5.93    4.75
  37419.743   121.005     6.19    4.69
  37794.736   122.967     5.23    5.27
  38169.738   126.782    10.18    5.45
  38544.749   130.151     8.98    5.03
  38919.769   131.731     4.21    4.31
  39294.798   132.132     1.07    5.56
  39669.836   130.423    -4.56    5.94
  40044.883   129.861    -1.50    5.50
  40419.939   132.957     8.26    5.65
  40795.004   136.953    10.65    7.00
  41170.078   141.151    11.19    6.64
  41545.161   146.907    15.35    7.70
  41920.254   151.624    12.58    6.39
  42295.355   154.612     7.96    5.20
  42670.465   157.957     8.92    4.82
  43045.584   158.321     0.97    5.72
  43420.712   156.757    -4.17    6.67
  43795.849   153.731    -8.07    7.07
  44170.996   148.124   -14.95    7.62
  44546.151   142.309   -15.50    8.57
  44921.315   135.962   -16.92    9.52
  45296.489   129.090   -18.32    6.86
  45671.671   125.013   -10.87    5.48
  46046.863   121.957    -8.14    4.67
  46422.063   118.545    -9.09    5.82
  46797.273   113.782   -12.70    8.11
  47172.491   107.372   -17.08   10.51
  47547.719   100.346   -18.72   10.48
  47922.956    92.685   -20.42    8.40
  48298.202    87.270   -14.43    5.08
  48673.456    84.382    -7.69    4.19
  49048.720    82.141    -5.97    3.14
  49423.993    82.382     0.64    3.56
  49799.275    84.221     4.90    5.11
  50174.567    86.423     5.87    6.05
  50549.867    89.757     8.88    6.10
  50925.176    93.598    10.23    3.80
  51300.495    94.401     2.14    3.32
  51675.822    94.039    -0.97    3.02
  52051.159    92.707    -3.55    3.13
  52426.504    91.407    -3.46    3.11
  52801.859    90.449    -2.55    2.32
  53177.223    90.197    -0.67    2.28
  53552.596    90.296     0.26    1.84
  53927.978    90.221    -0.20    2.05
  54303.369    90.475     0.67    2.17
  54678.769    92.064     4.23    3.87
  55054.178    95.423     8.95    6.10
  55429.597    99.624    11.19    7.67
  55805.024   103.507    10.34    8.42
  56180.461   107.218     9.88    8.51
  56555.907   109.372     5.74    8.49
  56931.362   111.636     6.03    8.66
  57306.826   113.566     5.14    7.77
  57682.299   112.758    -2.15    6.65
  58057.781   112.757    -0.00    6.06
  58433.273   112.407    -0.93    5.04
  58808.773   111.607    -2.13    3.70
  59184.283   111.628     0.06    3.60
  59559.802   112.282     1.74    4.76
  59935.330   112.809     1.40    5.36
  60310.867   114.782     5.26    5.97
  60686.413   116.552     4.71    5.40
  61061.968   117.538     2.63    5.22
  61437.533   118.682     3.05    4.42
  61813.106   118.834     0.40    3.83
  62188.689   120.013     3.14    3.81
  62564.281   121.832     4.84    4.12
  62939.882   124.132     6.12    5.26
  63315.492   126.607     6.59    5.35
  63691.112   127.019     1.10    4.54
  64066.740   128.598     4.20    4.55
  64442.378   129.449     2.27    4.98
  64818.025   130.682     3.28    5.66
  65193.681   132.532     4.92    5.33
  65569.347   132.707     0.47    5.47
  65945.021   132.987     0.75    5.16
  66320.705   134.151     3.10    5.46
  66696.397   134.660     1.36    5.05
  67072.099   136.346     4.49    4.68
  67447.811   137.987     4.37    4.52
  67823.531   139.332     3.58    4.14
  68199.260   141.193     4.95    4.15
  68574.999   141.907     1.90    4.11
  68950.747   142.809     2.40    4.17
  69326.504   143.832     2.72    4.45
  69702.271   144.705     2.32    4.13
  70078.046   145.490     2.09    4.04
  70453.831   147.657     5.77    4.14
  70829.625   148.269     1.63    3.90
  71205.428   150.064     4.78    3.43
  71581.240   151.082     2.71    3.38
  71957.062   151.782     1.86    3.72
  72332.893   153.832     5.45    4.01
  72708.733   155.090     3.35    4.14
  73084.582   157.519     6.46    4.46
  73460.441   160.620     8.25    4.22
  73836.308   162.982     6.28    4.33
  74212.185   166.002     8.03    4.28
  74588.071   168.782     7.40    4.29
  74963.967   171.907     8.31    4.09
  75339.871   174.440     6.74    3.73
  75715.785   176.124     4.48    3.72
  76091.708   178.157     5.41    3.60
  76467.641   179.859     4.53    3.66
  76843.582   181.332     3.92    3.55
  77219.533   182.321     2.63    3.70
  77595.493   183.020     1.86    4.10
  77971.463   183.218     0.53    4.16
  78347.441   184.654     3.82    4.09
  78723.429   185.936     3.41    4.10
  79099.426   187.372     3.82    3.51
  79475.433   188.857     3.95    3.72
  79851.448   190.227     3.64    3.91
  80227.473   192.532     6.13    4.18
  80603.508   195.141     6.94    4.23
  80979.551   196.321     3.14    3.86
  81355.604   198.082     4.68    3.82
  81731.666   199.361     3.40    3.64
  82107.737   202.057     7.17    4.06
  82483.818   204.628     6.84    4.13
  82859.908   206.577     5.18    3.86
  83236.007   210.416    10.21    5.14
  83612.115   213.677     8.67    5.09
  83988.233   217.197     9.36    5.40
  84364.360   220.500     8.78    4.89
  84740.496   222.732     5.93    4.85
  85116.642   224.582     4.92    4.26
  85492.797   225.987     3.74    3.26
  85868.961   227.497     4.01    2.49
  86245.135   228.730     3.28    2.35
  86621.318   229.332     1.60    2.11
  86997.510   230.039     1.88    2.38
  87373.711   229.831    -0.55    2.38
  87749.922   229.207    -1.66    3.29
  88126.142   229.731     1.39    4.14
  88502.372   228.882    -2.26    4.39
  88878.611   229.526     1.71    4.01
  89254.859   230.734     3.21    3.71
  89631.116   231.532     2.12    3.13
  90007.383   233.244     4.55    3.04
  90383.659   235.423     5.79    5.29
  90759.945   238.598     8.44    7.87
  91136.239   242.257     9.72    9.49
  91512.544   246.332    10.83   10.38
  91888.857   250.654    11.49   11.47
  92265.180   251.346     1.84    8.71
  92641.512   252.727     3.67    7.39
  93017.854   255.782     8.12    7.90
  93394.205   257.582     4.78    9.07
  93770.565   260.936     8.91   10.12
  94146.934   263.732     7.43   10.06
  94523.313   264.552     2.18    9.58
  94899.702   267.092     6.75   10.12
  95276.099   267.577     1.29   10.08
  95652.506   267.132    -1.18    9.21
  96028.923   269.607     6.58    7.74
  96405.349   271.680     5.51    6.97
  96781.784   274.973     8.75    7.31
  97158.228   280.090    13.59    7.04
  97534.682   284.423    11.51    6.88
  97911.146   287.907     9.26    6.03
  98287.619   290.107     5.84    6.32
  98664.101   290.907     2.13    6.79
  99040.592   292.366     3.87    7.32
  99417.093   291.167    -3.18    8.17
  99793.603   290.372    -2.11    8.11
 100170.123   290.914     1.44    7.76
 100546.652   292.116     3.19    8.51
 100923.191   292.598     1.28    8.82
 101299.739   292.962     0.97    7.49
 101676.296   293.577     1.63    6.58
 102052.863   295.731     5.72    6.52
 102429.439   299.051     8.82    6.83
 102806.024   302.624     9.49    6.67
 103182.619   308.953    16.81    9.12
 103559.224   315.423    17.18    9.30
 103935.838   324.057    22.93   11.86
 104312.461   335.182    29.54   18.67
 104689.094   348.141    34.41   26.11
 105065.736   361.663    35.90   21.68
 105442.387   367.151    14.57   17.03
 105819.048   359.807   -19.50   20.84
 106195.719   348.013   -31.31   18.96
 106572.398   335.587   -32.99   17.32
 106948.340   323.197   -32.96   10.10
 107323.162   316.552   -17.73    8.91
 107697.992   310.032   -17.39    7.71
 108072.833   303.552   -17.29    8.34
 108447.682   298.124   -14.48    8.07
 108822.541   292.757   -14.32    8.11
 109197.410   289.603    -8.41    7.94
 109572.287   287.859    -4.65    7.27
 109947.175   288.782     2.46    8.12
 110322.071   293.082    11.47    7.59
 110696.977   296.936    10.28    8.04
 111071.892   296.987     0.14    8.05
 111446.817   293.587    -9.07    9.94
 111821.750   288.269   -14.19    9.73
 112196.694   287.538    -1.95    9.35
 112571.646   289.141     4.28   10.11
 112946.609   295.282    16.38    9.75
 113321.580   302.957    20.47    9.84
 113696.561   310.500    20.12   11.07
 114071.551   318.568    21.52   10.94
 114446.551   323.782    13.91    9.19
 114821.560   325.557     4.73    7.95
 115196.578   324.282    -3.40    8.34
 115571.606   321.075    -8.55   10.83
 115946.643   314.407   -17.78   12.76
 116321.690   305.911   -22.66   11.73
 116696.746   298.500   -19.76    8.33
 117071.811   292.116   -17.02    7.31
 117446.886   288.834    -8.75    7.76
 117821.971   285.782    -8.14    9.75
 118197.064   282.731    -8.14    9.73
 118572.167   277.382   -14.26   10.04
 118947.280   272.026   -14.28    9.45
 119322.402   269.932    -5.58    7.87
 119697.533   271.182     3.33    9.00
 120072.674   277.607    17.13   11.57
 120447.825   286.057    22.53   10.91
 120822.984   291.519    14.56    8.46
 121198.153   293.148     4.34    9.13
 121573.332   289.577    -9.52   11.14
 121948.520   282.441   -19.02   11.58
 122323.717   274.731   -20.55    9.74
 122698.924   268.382   -16.92    9.14
 123074.141   263.221   -13.76    7.66
 123449.367   257.888   -14.22    8.96
 123824.602   251.457   -17.14   10.17
 124199.847   245.993   -14.56    8.71
 124575.101   245.051    -2.51    7.66
 124950.365   248.563     9.36   10.97
 125325.638   255.993    19.80   11.77
 125700.920   266.859    28.96   15.44
 126076.212   277.782    29.11   15.06
 126451.514   285.167    19.68   13.98
 126826.825   290.782    14.96    9.82
 127202.145   291.090     0.82    9.21
 127577.475   288.232    -7.61    9.94
 127952.815   281.449   -18.07   11.66
 128328.164   273.482   -21.23   13.14
 128703.522   266.859   -17.65    9.52
 129078.890   265.032    -4.87    8.35
 129454.268   267.885     7.60   10.50
 129829.654   273.940    16.13   12.24
 130205.051   282.259    22.16   12.22
 130580.457   289.782    20.04   10.98
 130955.872   294.432    12.39   11.19
 131331.297   298.680    11.31   11.09
 131706.732   303.257    12.19   15.85
 132082.175   308.514    14.00   16.40
 132457.629   312.230     9.90   14.83
 132833.092   311.932    -0.79   12.60
 133208.564   307.372   -12.15   10.43
 133584.046   301.807   -14.82   10.08
 133959.538   296.657   -13.71    8.20
 134335.039   294.072    -6.89    7.07
 134710.550   291.603    -6.58    6.91
 135086.070   290.914    -1.83    7.92
 135461.599   287.807    -8.27    9.10
 135837.138   283.090   -12.56   11.20
 136212.687   275.859   -19.26   11.64
 136588.245   268.270   -20.21   10.82
 136963.813   262.699   -14.83   10.91
 137339.391   254.082   -22.94   13.73
 137714.977   250.039   -10.77   12.21
 138090.574   250.270     0.61   13.19
 138466.180   253.039     7.37   12.47
 138841.795   259.859    18.16   11.98
 139217.420   267.139    19.38   11.52
 139593.055   267.167     0.07   11.86
 139968.699   263.707    -9.21   12.88
 140344.353   256.167   -20.07   12.98
 140720.017   249.532   -17.66   10.19
 141095.689   249.449    -0.22    9.25
 141471.372   253.914    11.89   10.54
 141847.064   260.757    18.22   10.89
 142222.766   265.807    13.44    8.25
 142598.477   266.197     1.04    8.23
 142974.198   262.332   -10.29    9.02
 143349.928   258.836    -9.31    7.39
 143725.668   257.654    -3.15    6.88
 144101.418   259.457     4.80    7.83
 144477.177   261.332     4.99    8.53
 144852.946   262.557     3.26    9.66
 145228.724   264.132     4.19   12.39
 145604.512   263.705    -1.14   10.45
 145980.309   261.505    -5.86    8.25
 146356.117   260.232    -3.39    9.59
 146731.933   255.709   -12.04    8.62
 147107.760   253.449    -6.01    7.37
 147483.596   255.732     6.08    9.14
 147859.441   260.475    12.62   10.51
 148235.297   266.735    16.66    8.49
 148611.162   273.526    18.07    8.94
 148987.036   280.307    18.04   11.11
 149362.920   290.032    25.87   13.34
 149738.814   295.731    15.16   10.02
 150114.717   296.449     1.91    9.88
 150490.630   296.467     0.05   10.12
 150866.553   295.707    -2.02   10.60
 151242.485   294.957    -2.00   12.57
 151618.427   298.307     8.91   18.18
 151994.378   298.932     1.66   19.25
 152370.340   301.060     5.66   22.20
 152746.311   300.230    -2.21   22.50
 153122.291   302.270     5.43   22.91
 153498.281   307.705    14.46   24.14
 153874.281   313.936    16.57   23.49
 154250.290   317.282     8.90   22.13
 154626.310   319.398     5.63   19.99
 155002.338   319.309    -0.24   18.87
 155378.377   323.407    10.90   19.17
 155754.425   325.343     5.15   18.20
 156130.483   328.270     7.78   19.52
 156506.550   331.357     8.21   19.79
 156882.627   332.388     2.74   20.69
 157258.714   335.075     7.15   19.23
 157634.811   332.257    -7.49   17.64
 158010.917   328.295   -10.54   17.54
 158387.033   322.507   -15.39   13.92
 158763.158   317.731   -12.70    9.26
 159139.293   313.997    -9.93    5.77
 159515.438   312.809    -3.16    4.95
 159891.593   313.832     2.72    7.40
 160267.757   315.382     4.12    9.09
 160643.931   318.885     9.31    8.48
 161020.115   320.221     3.55    7.12
 161396.308   320.060    -0.43    6.07
 161772.512   319.831    -0.61    7.46
 162148.724   318.218    -4.29    8.95
 162524.947   317.449    -2.04   14.99
 162901.179   314.957    -6.62   16.95
 163277.421   312.321    -7.01   17.89
 163653.673   306.682   -14.99   16.79
 164029.934   302.193   -11.93   14.58
 164406.206   299.257    -7.80   14.17
 164782.486   295.587    -9.75   12.32
 165158.777   293.350    -5.95   13.61
 165535.077   288.977   -11.62    5.87
 165911.388   285.654    -8.83    5.91
 166287.707   280.682   -13.21    6.95
 166664.037   278.734    -5.18    5.64
 167040.376   277.449    -3.41    4.75
 167416.725   278.520     2.85    5.63
 167793.084   278.782     0.70    5.20
 168169.453   278.026    -2.01    6.03
 168545.831   279.064     2.76    8.15
 168922.219   281.282     5.89   12.25
 169298.617   288.306    18.66   16.36
 169675.025   296.624    22.10   16.08
 170051.442   303.407    18.02   15.85
 170427.869   307.603    11.15   13.64
 170804.306   308.051     1.19   14.08
 171180.753   308.002    -0.13   18.19
 171557.209   309.309     3.47   22.65
 171933.675   305.013   -11.41   26.72
 172310.151   294.232   -28.64   31.82
 172686.637   286.731   -19.93   34.20
 173063.133   278.332   -22.31   26.47
 173439.638   279.705     3.65   23.67
 173816.153   290.628    29.01   24.51
 174192.678   305.810    40.32   26.92
 174569.213   328.182    59.42   32.10
 174945.757   357.319    77.39   41.43
 175322.312   396.507   104.08   50.48
 175698.876   453.357   150.99   73.04
 176075.450   528.519   199.62  110.60
 176452.033   636.401   286.51  144.55
 176828.627   736.628   266.17  132.36
 177205.230   814.295   206.25  104.48
 177581.844   907.957   248.72  105.96
 177958.467   993.731   227.77  152.27
 178335.099  1120.416   336.40  173.91
 178711.742  1227.321   283.87  142.80
 179088.394  1318.957   243.32   90.48
 179465.057  1376.807   153.60   88.92
 179841.729  1435.500   155.84  102.15
 180218.411  1486.187   134.58   98.31
 180595.103  1524.917   102.83   84.02
 180971.804  1549.090    64.18   64.03
 181348.516  1537.332   -31.21   60.96
 181725.237  1540.757     9.09   63.99
 182100.331  1528.107   -33.73   73.06
 182475.109  1530.366     6.03   71.87
 182849.897  1516.835   -36.11   75.15
 183224.695  1513.493    -8.92   73.91
 183599.502  1517.332    10.25   69.91
 183974.320  1506.563   -28.74   62.86
 184349.147  1500.832   -15.29   53.19
 184723.983  1470.132   -81.91   54.36
 185098.830  1429.282  -108.99   59.04
 185473.686  1395.612   -89.83   54.66
 185848.552  1378.221   -46.40   39.34
 186223.428  1389.680    30.57   48.31
 186598.314  1396.907    19.28   56.04
 186973.209  1397.705     2.13   57.13
 187348.114  1390.977   -17.95   56.72
 187723.029  1385.167   -15.50   63.88
 188097.954  1378.707   -17.23   62.84
 188472.888  1379.582     2.33   69.52
 188847.833  1385.218    15.03   66.16
 189222.787  1392.187    18.59   64.74
 189597.751  1409.414    45.95   65.35
 189972.724  1406.657    -7.35   67.75
 190347.708  1405.057    -4.27   70.09
 190722.701  1412.563    20.02   54.71
 191097.704  1402.307   -27.35   51.63
 191472.717  1373.256   -77.48   61.05
 191847.739  1341.782   -83.93   57.93
 192222.772  1312.701   -77.55   61.00
 192597.814  1278.907   -90.12   73.92
 192972.866  1239.295  -105.63   89.05
 193347.928  1204.932   -91.63   82.26
 193722.999  1153.557  -136.99   86.25
 194098.081  1119.467   -90.90   90.32
 194473.172  1083.330   -96.35  103.92
 194848.273  1038.705  -118.98   99.55
 195223.384   995.449  -115.33   91.18
 195598.505   948.457  -125.29   88.47
 195973.636   899.500  -130.52   85.23
 196348.776   854.211  -120.74   85.50
 196723.926   822.475   -84.61   72.87
 197099.086   799.832   -60.36   71.19
 197474.256   781.682   -48.38   83.23
 197849.436   763.246   -49.15   83.65
 198224.626   733.441   -79.45   83.65
 198599.825   707.309   -69.66   74.59
 198975.035   679.357   -74.50   59.97
 199350.254   664.507   -39.58   50.96
 199725.483   653.207   -30.12   45.99
 200100.722   639.932   -35.38   49.07
 200475.970   618.282   -57.70   54.11
 200851.229   586.545   -84.58   58.42
 201226.498   558.809   -73.92   57.37
 201601.776   533.632   -67.10   53.49
 201977.064   517.904   -41.91   52.64
 202352.362   510.557   -19.58   44.23
 202727.670   501.457   -24.25   37.32
 203102.988   489.124   -32.86   36.03
 203478.316   469.830   -51.41   33.37
 203853.654   448.885   -55.81   26.57
 204229.001   429.832   -50.77   19.76
 204604.359   419.932   -26.38   17.65
 204979.726   416.346    -9.55   18.50
 205355.103   411.051   -14.11   20.74
 205730.490   408.705    -6.25   22.53
 206105.887   401.907   -18.11   20.87
 206481.294   396.857   -13.45   15.51
 206856.711   401.368    12.02   15.54
 207232.138   403.953     6.89   16.92
 207607.574   400.440    -9.36   21.48
 207983.021   393.107   -19.53   24.61
 208358.477   384.232   -23.64   24.50
 208733.943   377.929   -16.79   24.26
 209109.420   371.282   -17.70   22.75
 209484.906   364.982   -16.78   21.71
 209860.402   359.945   -13.42   17.64
 210235.908   355.560   -11.68   17.44
 210611.424   350.432   -13.66   18.61
 210986.950   345.880   -12.12   18.10
 211362.486   339.757   -16.31   16.47
 211738.032   334.707   -13.45   13.35
 212113.587   330.098   -12.27   12.36
 212489.153   326.949    -8.39   14.01
 212864.729   327.013     0.17   13.53
 213240.314   326.482    -1.41   10.90
 213615.910   324.357    -5.66    8.99
 213991.515   320.423   -10.48    8.90
 214367.131   316.392   -10.73   10.18
 214742.756   311.013   -14.32   10.04
 215118.391   307.107   -10.40    8.50
 215494.037   299.057   -21.43   13.15
 215869.692   294.051   -13.33   13.18
 216245.357   286.235   -20.81   11.53
 216621.033   281.677   -12.13    8.12
 216996.718   282.607     2.48    8.28
 217372.413   285.932     8.85    9.11
 217748.118   291.904    15.90   12.28
 218123.833   298.732    18.18   11.69
 218499.558   303.053    11.50    9.40
 218875.293   301.836    -3.24    9.67
 219251.038   295.628   -16.52   12.16
 219626.794   288.182   -19.82   12.44
 220002.559   279.075   -24.24   11.73
 220378.334   271.832   -19.28   14.08
 220754.119   263.407   -22.42   17.40
 221129.914   258.651   -12.66   15.75
 221505.719   256.416    -5.95   18.29
 221881.534   254.807    -4.28   19.15
 222257.359   256.907     5.59   20.63
 222633.194   263.832    18.43   17.46
 223009.039   273.705    26.27   18.59
 223384.894   287.449    36.57   16.55
 223760.760   298.731    30.02   14.87
 224136.635   306.507    20.69   15.01
 224512.520   312.834    16.83   13.42
 224888.415   312.936     0.27   11.00
 225264.320   312.330    -1.61   10.59
 225640.236   313.967     4.35   12.04
 226016.161   317.482     9.35   11.55
 226392.096   319.232     4.66   11.11
 226768.042   319.099    -0.35    9.99
 227143.997   315.882    -8.56   10.60
 227519.963   318.893     8.01   10.92
 227895.938   323.098    11.18   10.99
 228271.924   326.657     9.47   11.26
 228647.920   326.407    -0.66   14.46
 229023.925   320.731   -15.10   17.75
 229399.941   316.032   -12.50   21.62
 229775.967   307.090   -23.78   25.87
 230152.003   298.651   -22.45   27.61
 230528.049   286.207   -33.09   28.02
 230904.105   282.441   -10.02   24.47
 231280.171   282.832     1.04   27.43
 231656.247   298.607    41.95   31.34
 232032.333   312.335    36.51   24.90
 232408.430   312.187    -0.39   23.41
 232784.536   296.757   -41.03   26.65
 233160.653   278.321   -49.03   18.81
 233536.779   266.957   -30.22   12.93
 233912.916   263.552    -9.06   14.06
 234289.063   267.378    10.17   20.37
 234665.219   274.295    18.39   21.71
 235041.386   274.982     1.83   18.69
 235417.563   268.982   -15.95   16.38
 235793.751   262.577   -17.03   15.57
 236169.948   259.416    -8.40   14.19
 236546.155   261.199     4.74   14.28
 236922.373   266.957    15.31   16.38
 237298.600   274.332    19.61   19.08
 237674.838   280.885    17.42   18.14
 238051.086   289.257    22.26   12.45
 238427.344   294.756    14.62   13.01
 238803.612   298.861    10.91   12.91
 239179.890   299.911     2.79   12.58
 239556.179   300.832     2.45   11.19
 239932.477   295.782   -13.42   12.03
 240308.786   288.082   -20.47   11.84
 240685.104   281.932   -16.34   11.67
 241061.433   277.577   -11.57   13.17
 241437.772   272.246   -14.17   17.13
 241814.121   265.368   -18.28   25.78
 242190.481   257.911   -19.82   33.05
 242566.850   239.707   -48.37   26.04
 242943.230   226.309   -35.60   31.05
 243319.620   216.592   -25.82   33.99
 243696.019   199.482   -45.46   32.76
 244072.430   179.628   -52.75   36.55
 244448.850   152.075   -73.21   40.28
 244825.280   127.628   -64.95   32.85
 245201.721   119.051   -22.79   25.27
 245578.172   118.680    -0.99   25.19
 245954.632   129.953    29.95   26.59
 246331.104   141.157    29.77   23.97
 246707.585   145.321    11.06   23.41
 247084.076   148.343     8.03   22.03
 247460.578   149.321     2.60   19.99
 247837.090   150.173     2.26   16.28
 248213.612   157.307    18.95   15.84
 248590.144   164.834    19.99   18.95
 248966.686   178.657    36.72   23.13
 249343.239   191.207    33.33   24.66
 249719.802   202.057    28.82   27.86
 250096.375   210.167    21.54   28.34
 250472.958   216.457    16.71   26.22
 250849.551   226.441    26.51   23.08
 251226.155   240.255    36.69   22.70
 251602.769   254.685    38.32   23.21
 251979.393   268.936    37.85   18.74
 252356.027   275.457    17.32   16.93
 252732.672   275.832     1.00   17.93
 253109.326   275.756    -0.20   17.42
 253485.991   272.425    -8.84   19.59
 253862.666   273.372     2.51   20.59
 254239.352   278.953    14.82   20.30
 254616.047   284.731    15.34   17.86
 254992.753   290.007    14.01   13.84
 255369.469   293.306     8.76   12.25
 255746.196   290.361    -7.82   12.58
 256122.932   284.616   -15.25   12.20
 256499.679   281.616    -7.96   11.27
