#    3.375  -0.233   1.163 ;Mean Elev.(m), Avg Gradient(m/km), RMS Gradient(m/km) - SRTM1     
#   12.299   0.114   1.646 ;Mean Elev.(m), Avg Gradient(m/km), RMS Gradient(m/km) - ASTER GDEM
#    3.796  -0.240   1.329 ;Mean Elev.(m), Avg Gradient(m/km), RMS Gradient(m/km) - GMTED2010 
  8     3.335 52481.30817789 40.33  36.206262 -18.555953 12.656
  8     3.304 52481.30817854 36.86  36.205482 -18.559243 12.656
  8     2.683 52481.30817918 31.15  36.204702 -18.562543 12.656
  9     2.030 52516.30812983 15.35  36.215684 -18.556389 13.943
  9     2.148 52516.30813048 21.86  36.214904 -18.559679 13.943
  9     2.096 52516.30813241 33.88  36.212564 -18.569569 13.943
 11     2.667 52586.30815112 22.19  36.217488 -18.557293 13.029
 11     2.636 52586.30815370 26.17  36.214358 -18.570473 13.029
 12     2.045 52621.30812834 49.34  36.209826 -18.557507 18.256
 12     1.494 52621.30812898 52.84  36.209046 -18.560807 18.256
 12     1.425 52621.30813027 50.55  36.207486 -18.567397 18.256
 15     2.416 52726.30815893 53.84  36.210957 -18.557630 16.058
 15     2.384 52726.30815957 46.83  36.210177 -18.560920 16.058
 15     2.286 52726.30816086 47.49  36.208617 -18.567510 16.058
 17     2.839 52796.30813354 44.36  36.213869 -18.558923 28.313
 17     2.310 52796.30813548 52.81  36.211529 -18.568803 28.313
 20     1.904 52901.30827193 28.17  36.209271 -18.557783 16.037
 20     1.724 52901.30827257 31.88  36.208491 -18.561073 16.037
 20     1.779 52901.30827322 37.28  36.207711 -18.564373 16.037
 20     1.566 52901.30827386 29.45  36.206931 -18.567663 16.037
 21     2.089 52936.30821266 17.27  36.210410 -18.556344  8.500
 21     2.305 52936.30821330 19.49  36.209630 -18.559644  8.500
 21     2.179 52936.30821395 24.42  36.208850 -18.562934  8.500
 21     2.241 52936.30821459 25.53  36.208070 -18.566234  8.500
 22     2.744 52971.30823726 34.47  36.208256 -18.554851  8.204
 22     3.491 52971.30823791 35.40  36.207476 -18.558151  8.204
 22     3.470 52971.30823855 34.52  36.206696 -18.561441  8.204
 22     2.963 52971.30823920 25.60  36.205916 -18.564741  8.204
 23     2.671 53006.30825078 46.27  36.204368 -18.555826 13.230
 23     2.590 53006.30825143 41.88  36.203588 -18.559126 13.230
 23     1.916 53006.30825207 39.26  36.202808 -18.562416 13.230
 24     3.033 53041.30820325 41.47  36.204914 -18.556418 44.833
 24     3.049 53041.30820389 38.51  36.204134 -18.559718 44.833
 24     3.017 53041.30820454 36.11  36.203349 -18.563010 32.610
 25     3.498 53076.30823622 43.72  36.206441 -18.557124 32.072
 25     3.564 53076.30823686 36.70  36.205661 -18.560424 32.072
 25     3.328 53076.30823751 32.63  36.204881 -18.563714 32.072
 27     2.669 53146.30824870 21.43  36.206386 -18.556351 12.215
 27     2.467 53146.30824935 22.97  36.205606 -18.559641 12.215
 27     2.437 53146.30824999 26.01  36.204826 -18.562941 12.215
 28     2.313 53181.30825574 48.58  36.214350 -18.556358 41.099
 28     2.319 53181.30825639 53.48  36.213570 -18.559658 41.099
 28     2.216 53181.30825832 53.70  36.211233 -18.569541 26.268
 29     1.963 53216.30827892 41.40  36.208434 -18.556685 39.975
 29     2.035 53216.30827956 43.11  36.207657 -18.559980 22.825
 29     2.067 53216.30828021 48.10  36.206877 -18.563280 22.825
 29     1.963 53216.30828085 40.00  36.206097 -18.566570 22.825
 30     2.922 53251.30825742 19.36  36.208157 -18.556800  9.291
 30     2.686 53251.30825806 22.53  36.207377 -18.560100  9.291
 30     2.804 53251.30825871 24.87  36.206597 -18.563390  9.291
 30     2.622 53251.30825935 24.12  36.205817 -18.566690  9.291
 32     2.721 53321.30822743 25.67  36.217885 -18.559108 37.588
 32     2.337 53321.30822937 27.34  36.215535 -18.568998 37.588
 32     2.188 53321.30823001 22.00  36.214755 -18.572288 37.588
 33     2.518 53356.30819615 23.45  36.217907 -18.556998 21.881
 33     2.951 53356.30819873 33.19  36.214787 -18.570178 21.881
 34     2.714 53391.30820876 46.41  36.207476 -18.554558 40.983
 34     2.706 53391.30820941 49.24  36.206696 -18.557848 40.983
 34     2.685 53391.30821005 50.38  36.205916 -18.561138 40.983
 34     2.681 53391.30821070 50.41  36.205136 -18.564438 40.983
 36     2.525 53461.30821682 53.29  36.212497 -18.558267 22.855
 36     2.407 53461.30821876 49.18  36.210157 -18.568157 22.855
 39     2.208 53566.30829871 41.75  36.205005 -18.554635 15.448
 39     2.197 53566.30829935 47.38  36.204225 -18.557925 15.448
 39     2.315 53566.30830000 46.35  36.203445 -18.561225 15.448
 40     1.807 53601.30824226 16.91  36.213688 -18.556586 14.644
 40     2.392 53601.30824290 19.30  36.212908 -18.559876 14.644
 40     2.030 53601.30824484 27.07  36.210568 -18.569766 14.644
 41     3.020 53636.30823946 22.46  36.205189 -18.554779 10.891
 41     2.839 53636.30824010 20.64  36.204409 -18.558069 10.891
 41     2.488 53636.30824075 23.75  36.203629 -18.561369 10.891
 43     2.563 53706.30819345 38.46  36.217518 -18.560070 16.831
 43     2.333 53706.30819539 47.59  36.215168 -18.569950 16.831
 44     2.934 53741.30810591 32.06  36.217396 -18.557046 50.659
 44     2.741 53741.30810849 48.39  36.214276 -18.570226 50.659
 45     2.691 53776.30812880 21.12  36.215148 -18.556193 37.370
 45     2.414 53776.30812944 27.25  36.214368 -18.559483 37.370
 45     2.442 53776.30813138 38.82  36.212018 -18.569373 37.370
 46     4.165 53811.30810827 42.59  36.215456 -18.556861 23.789
 46     4.014 53811.30811085 43.35  36.212336 -18.570041 23.789
 47     3.126 53846.30815717 53.00  36.205832 -18.557116 24.835
 47     2.983 53846.30815781 54.38  36.205052 -18.560406 24.835
 47     2.818 53846.30815845 52.99  36.204272 -18.563696 24.835
 48     2.365 53881.30818065 39.60  36.213923 -18.557069 26.408
 48     2.353 53881.30818323 33.15  36.210793 -18.570249 26.408
 49     2.610 53916.30823975 17.71  36.203336 -18.553792 18.670
 49     2.790 53916.30824039 28.20  36.202556 -18.557082 18.670
 52     2.123 54021.30822414 18.06  36.209423 -18.557886 11.531
 52     2.249 54021.30822478 20.61  36.208643 -18.561176 11.531
 52     2.592 54021.30822543 25.67  36.207863 -18.564476 11.531
 52     2.763 54021.30822607 26.99  36.207083 -18.567766 11.531
 53     1.945 54056.30821610 24.47  36.217441 -18.558738 14.427
 53     2.262 54056.30821804 38.85  36.215091 -18.568618 14.427
 53     2.150 54056.30821868 33.18  36.214311 -18.571918 14.427
 54     2.758 54091.30820045 18.22  36.212938 -18.555880 11.136
 54     2.829 54091.30820110 26.90  36.212158 -18.559170 11.136
 54     2.776 54091.30820303 27.24  36.209818 -18.569060 11.136
 55     3.513 54126.30813184 28.98  36.209192 -18.558121 39.086
 55     3.460 54126.30813249 31.05  36.208412 -18.561411 39.086
 55     3.353 54126.30813313 32.49  36.207632 -18.564701 39.086
 55     3.382 54126.30813378 32.97  36.206852 -18.568001 39.086
 56     4.067 54161.30816902 40.47  36.209341 -18.557080 31.242
 56     3.909 54161.30816966 41.41  36.208561 -18.560370 31.242
 56     3.900 54161.30817031 43.01  36.207771 -18.563670 31.242
 56     3.719 54161.30817095 42.47  36.206991 -18.566960 31.242
 57     3.137 54196.30813367 51.96  36.209241 -18.556716 40.959
 57     3.177 54196.30813431 51.39  36.208461 -18.560016 40.959
 57     3.183 54196.30813496 52.59  36.207681 -18.563306 40.959
 57     3.200 54196.30813560 48.09  36.206901 -18.566606 40.959
 58     2.955 54231.30818079 14.09  36.210687 -18.555921 26.053
 58     2.070 54231.30818144 17.29  36.209907 -18.559221 26.053
 58     2.036 54231.30818208 18.82  36.209127 -18.562511 26.053
 58     1.998 54231.30818273 17.87  36.208337 -18.565811 26.053
 59     3.156 54266.30819901 50.64  36.211065 -18.557486 21.306
 59     2.413 54266.30819966 47.34  36.210285 -18.560776 21.306
 59     2.381 54266.30820095 49.89  36.208715 -18.567366 21.306
 60     3.009 54301.30820361 45.04  36.212045 -18.555988 27.311
 60     3.098 54301.30820426 52.17  36.211265 -18.559278 27.311
 60     2.778 54301.30820619 45.16  36.208915 -18.569168 27.311
 61     2.665 54336.30819145 34.27  36.211925 -18.557420 17.962
 61     1.961 54336.30819338 38.23  36.209575 -18.567300 17.962
 62     3.259 54371.30813605 26.46  36.210466 -18.556705 12.315
 62     3.068 54371.30813669 27.86  36.209686 -18.559995 12.315
 62     3.133 54371.30813798 29.56  36.208126 -18.566585 12.315
 63     3.447 54406.30813671 47.69  36.209984 -18.558229 17.937
 63     2.333 54406.30813736 51.72  36.209204 -18.561519 17.937
 63     2.441 54406.30813865 50.22  36.207634 -18.568109 17.937
 64     2.162 54441.30809449 15.68  36.209273 -18.556591  6.905
 64     2.261 54441.30809513 20.94  36.208493 -18.559881  6.905
 64     2.298 54441.30809578 25.24  36.207713 -18.563181  6.905
 64     2.284 54441.30809642 19.46  36.206933 -18.566471  6.905
 65     4.727 54476.30812431 33.87  36.211594 -18.557129 17.636
 65     4.500 54476.30812625 39.40  36.209254 -18.567009 17.636
 67     3.079 54546.30813785 26.23  36.211689 -18.555493 32.410
 67     3.173 54546.30813849 26.65  36.210909 -18.558793 32.410
 67     3.059 54546.30814043 26.10  36.208559 -18.568673 32.410
 68     2.721 54581.30810540 18.34  36.212053 -18.556235 30.399
 68     2.846 54581.30810604 22.34  36.211273 -18.559525 30.399
 68     2.755 54581.30810798 22.85  36.208923 -18.569415 30.399
 69     2.143 54616.30812732 47.73  36.212136 -18.555619 33.336
 69     2.280 54616.30812797 53.01  36.211356 -18.558919 33.336
 69     1.948 54616.30812990 49.62  36.209006 -18.568799 33.336
 70     3.093 54651.30814024 46.87  36.208854 -18.556088 18.460
 70     3.232 54651.30814089 43.66  36.208074 -18.559388 18.460
 70     3.221 54651.30814153 37.73  36.207294 -18.562678 18.460
 70     2.661 54651.30814218 29.29  36.206504 -18.565978 18.460
 71     3.510 54686.30813256 48.10  36.211101 -18.557916 18.741
 71     2.657 54686.30813449 52.54  36.208761 -18.567806 18.741
 72     1.972 54721.30808556 19.20  36.209856 -18.556437 10.746
 72     2.123 54721.30808620 19.03  36.209076 -18.559737 10.746
 72     2.279 54721.30808684 19.57  36.208296 -18.563027 10.746
 72     1.919 54721.30808749 21.06  36.207516 -18.566317 10.746
 73     2.827 54756.30810793 17.26  36.210080 -18.556717 10.496
 73     2.679 54756.30810858 24.30  36.209300 -18.560007 10.496
 73     2.997 54756.30810922 26.27  36.208520 -18.563307 10.496
 73     2.899 54756.30810987 23.90  36.207730 -18.566597 10.496
 74     2.123 54791.30807930 18.28  36.207378 -18.557163  8.338
 74     1.992 54791.30807995 19.81  36.206598 -18.560453  8.338
 74     2.016 54791.30808059 21.79  36.205818 -18.563753  8.338
 75     3.566 54826.30810391 23.30  36.210749 -18.555371 11.296
 75     3.256 54826.30810456 28.16  36.209969 -18.558671 11.296
 75     3.506 54826.30810520 31.46  36.209189 -18.561961 11.296
 75     3.383 54826.30810649 30.64  36.207619 -18.568551 11.296
 77     2.746 54896.30810519 17.64  36.209759 -18.556096  7.320
 77     2.473 54896.30810583 22.09  36.208979 -18.559386  7.320
 77     2.577 54896.30810648 34.01  36.208199 -18.562686  7.320
 77     2.764 54896.30810712 23.61  36.207419 -18.565976  7.320
 78     3.292 54931.30806959 23.02  36.207953 -18.557749 21.566
 78     3.399 54931.30807024 30.27  36.207173 -18.561039 21.566
 78     3.494 54931.30807088 34.12  36.206393 -18.564339 21.566
 79     3.503 54966.30810551 35.59  36.210070 -18.557469 13.875
 79     2.812 54966.30810615 26.98  36.209290 -18.560769 13.875
 79     2.512 54966.30810744 28.91  36.207720 -18.567359 13.875
 80     2.068 55001.30812606 23.60  36.207375 -18.557242 16.076
 80     2.114 55001.30812671 28.87  36.206595 -18.560532 16.076
 80     2.235 55001.30812735 38.04  36.205815 -18.563832 16.076
 81     3.346 55036.30811149 49.03  36.211369 -18.558151 21.271
 81     3.223 55036.30811342 48.84  36.209029 -18.568041 21.271
 82     3.014 55071.30809991 32.73  36.211411 -18.557932  9.582
 82     2.171 55071.30810185 20.73  36.209071 -18.567812  9.582
 83     1.980 55106.30804418 18.98  36.207656 -18.557639  9.250
 83     2.187 55106.30804483 19.84  36.206876 -18.560939  9.250
 83     2.153 55106.30804547 22.50  36.206096 -18.564229  9.250
 84     3.802 55141.30805006 36.91  36.209907 -18.557505  9.360
 84     3.168 55141.30805071 29.75  36.209117 -18.560805  9.360
 84     2.989 55141.30805200 30.24  36.207561 -18.567391  5.994
 85     1.624 55176.30801249 17.18  36.209713 -18.556892  8.524
 85     1.795 55176.30801313 19.63  36.208933 -18.560182  8.524
 85     1.662 55176.30801378 22.04  36.208153 -18.563482  8.524
 85     1.683 55176.30801442 21.05  36.207373 -18.566772  8.524
 86     3.360 55211.30804482 49.21  36.209937 -18.557503 18.174
 86     2.896 55211.30804546 49.89  36.209157 -18.560793 18.174
 86     2.672 55211.30804675 50.33  36.207587 -18.567383 18.174
 87     2.783 55246.30801730 19.48  36.209145 -18.556781  8.806
 87     2.903 55246.30801795 21.93  36.208365 -18.560081  8.806
 87     2.936 55246.30801859 21.31  36.207585 -18.563371  8.806
 87     2.834 55246.30801924 21.55  36.206805 -18.566671  8.806
 88     3.485 55281.30803782 37.04  36.210260 -18.557500 15.662
 88     3.337 55281.30803846 44.72  36.209480 -18.560800 15.662
 88     3.436 55281.30803975 44.74  36.207920 -18.567390 15.662
 89     3.504 55316.30800514 25.58  36.209256 -18.557724 29.860
 89     3.648 55316.30800578 28.66  36.208476 -18.561014 29.860
 89     3.809 55316.30800643 32.77  36.207696 -18.564314 29.860
 89     3.786 55316.30800707 32.01  36.206906 -18.567604 29.860
 90     3.145 55351.30801043 28.28  36.210743 -18.558213 23.132
 90     3.259 55351.30801108 31.89  36.209963 -18.561503 23.132
 90     3.207 55351.30801236 30.50  36.208393 -18.568093 23.132
 92     3.037 55421.30802811 25.18  36.211193 -18.558328 15.342
 92     3.061 55421.30803004 26.15  36.208843 -18.568218 15.342
 93     1.639 55456.30800321 15.52  36.212402 -18.555791 14.696
 93     1.655 55456.30800386 19.34  36.211622 -18.559091 14.696
 93     1.910 55456.30800579 20.78  36.209282 -18.568971 14.696
