-208777.394   974.869     0.00    5.67
-208401.731   976.362     3.97    5.53
-208026.061   975.889    -1.26    5.56
-207650.383   975.235    -1.74    5.71
-207274.698   974.235    -2.66    4.31
-206899.006   972.705    -4.07    3.86
-206523.306   969.739    -7.89    6.11
-206147.600   964.081   -15.06    7.89
-205771.886   957.489   -17.54    9.67
-205396.164   946.284   -29.82   12.63
-205020.436   939.466   -18.14   10.79
-204644.700   939.804     0.90   10.19
-204268.956   944.944    13.68   12.59
-203893.206   952.927    21.24   11.86
-203517.448   959.799    18.29    9.35
-203141.683   965.209    14.40    8.33
-202765.911   969.839    12.32    7.45
-202390.131   974.017    11.12    7.25
-202014.344   978.494    11.91    7.21
-201638.550   983.310    12.81    7.03
-201262.748   987.652    11.55    7.15
-200886.939   990.633     7.93    5.46
-200511.123   991.011     1.00    5.17
-200135.299   989.950    -2.82    6.05
-199759.469   989.440    -1.36    6.88
-199383.631   990.547     2.94    6.65
-199007.785   991.799     3.33    6.05
-198631.932   991.517    -0.75    5.58
-198256.072   989.413    -5.60    6.39
-197880.205   986.968    -6.51    6.99
-197504.330   983.064   -10.39    7.02
-197128.448   981.740    -3.52    5.53
-196752.559   982.682     2.50    4.67
-196376.662   986.543    10.27    7.53
-196000.758   992.335    15.41    8.17
-195624.846   998.810    17.22    7.89
-195248.928  1004.030    13.88    5.47
-194873.001  1005.850     4.84    4.12
-194497.068  1007.261     3.75    4.71
-194121.127  1009.363     5.59    5.96
-193745.179  1013.310    10.50    8.54
-193369.224  1018.659    14.23    9.25
-192993.261  1023.589    13.11    8.38
-192617.291  1022.438    -3.06    8.91
-192241.313  1018.889    -9.44    9.99
-191865.328  1010.314   -22.80   10.06
-191489.336  1002.994   -19.47    8.19
-191113.336   999.414    -9.52    9.15
-190737.329   998.568    -2.25   14.35
-190361.315  1002.568    10.64   26.04
-189985.293  1003.312     1.98   31.57
-189609.264   995.312   -21.27   32.27
-189233.228   982.755   -33.39   29.17
-188857.184   972.705   -26.72   13.06
-188481.132   970.974    -4.60   11.36
-188105.074   971.468     1.31   12.58
-187729.008   973.953     6.61   13.66
-187352.934   976.705     7.32   13.80
-186976.854   978.659     5.20   13.62
-186600.766   979.440     2.08   12.81
-186224.670   982.126     7.14   11.56
-185848.567   983.836     4.55   10.53
-185472.457   987.491     9.72    9.20
-185096.339   989.444     5.19    9.19
-184720.214   990.439     2.64    7.51
-184344.081   992.209     4.71    5.91
-183967.941   990.731    -3.93    6.75
-183591.794   987.839    -7.69    7.92
-183215.639   986.953    -2.35    7.64
-182839.477   987.514     1.49    7.86
-182463.307   989.056     4.10    8.97
-182087.130   992.030     7.91    9.13
-181710.946   991.415    -1.63   10.01
-181334.754   990.132    -3.41   10.74
-180958.555   986.096   -10.73   12.44
-180582.348   980.583   -14.65   11.11
-180206.134   978.235    -6.24    8.47
-179829.913   978.705     1.25    7.82
-179453.684   981.543     7.54    8.35
-179077.447   987.158    14.92    7.74
-178701.203   990.278     8.29    8.61
-178324.952   992.164     5.01   11.18
-177948.693   992.850     1.82   12.97
-177572.427   992.152    -1.86   13.74
-177196.154   994.286     5.67   14.12
-176819.873   994.875     1.57   14.13
-176443.584   994.145    -1.94   12.62
-176067.288   995.594     3.85   11.97
-175690.985   995.547    -0.13   10.88
-175314.674   998.620     8.17   10.50
-174938.356  1004.363    15.26    8.97
-174562.030  1006.539     5.78    7.61
-174185.697  1007.722     3.14    5.93
-173809.356  1008.814     2.90    5.94
-173433.008  1009.942     3.00    7.06
-173056.652  1010.764     2.18    7.64
-172680.289  1010.264    -1.33    9.44
-172303.919  1005.194   -13.47   10.06
-171927.541  1002.257    -7.80    8.00
-171551.155  1002.020    -0.63    6.96
-171174.762  1005.363     8.88    7.97
-170798.362  1010.825    14.51    8.88
-170421.954  1015.678    12.89    8.08
-170045.538  1019.261     9.52    8.57
-169669.115  1022.494     8.59    8.81
-169292.685  1024.678     5.80    8.55
-168916.247  1026.413     4.61    8.34
-168539.802  1028.152     4.62    7.71
-168163.349  1031.218     8.14    6.61
-167786.888  1035.389    11.08    6.76
-167410.420  1038.902     9.33    7.75
-167033.945  1044.731    15.48    8.74
-166657.462  1051.030    16.73    8.79
-166280.972  1058.514    19.88    9.04
-165904.474  1065.705    19.10   10.15
-165527.968  1069.489    10.05    9.29
-165151.455  1074.678    13.78    8.37
-164774.935  1079.560    12.96   10.41
-164398.407  1085.864    16.74   13.93
-164021.871  1099.639    36.58   24.50
-163645.328  1107.415    20.65   25.70
-163268.778  1112.757    14.19   20.66
-162892.220  1121.209    22.44   20.34
-162516.661  1123.645     6.49   22.53
-162141.590  1120.389    -8.68   19.16
-161766.513  1115.671   -12.58   13.20
-161391.427  1112.794    -7.67   11.78
-161016.334  1112.235    -1.49   12.05
-160641.234  1111.608    -1.67   11.52
-160266.126  1117.308    15.19   25.10
-159891.011  1135.589    48.73   50.42
-159515.889  1145.310    25.91   48.11
-159140.758  1167.096    58.07   57.30
-158765.621  1208.748   111.02   85.52
-158390.475  1249.466   108.53   91.50
-158015.323  1299.261   132.72   71.21
-157640.163  1325.132    68.96   62.04
-157264.995  1345.633    54.64   63.33
-156889.820  1377.767    85.65   60.45
-156514.637  1405.901    74.98   51.01
-156139.447  1426.073    53.76   39.46
-155764.249  1445.310    51.27   39.78
-155389.044  1459.030    36.56   40.09
-155013.832  1473.917    39.67   43.00
-154638.611  1505.239    83.47   39.84
-154263.384  1519.671    38.46   30.77
-153888.148  1522.338     7.11   25.06
-153512.906  1514.030   -22.14   24.47
-153137.655  1511.443    -6.89   24.87
-152762.398  1518.218    18.05   25.93
-152387.132  1512.722   -14.64   30.96
-152011.860  1500.389   -32.86   42.24
-151636.579  1468.889   -83.93   55.98
-151261.291  1428.089  -108.71   51.09
-150885.996  1399.439   -76.33   35.35
-150510.693  1381.363   -48.16   25.31
-150135.382  1374.189   -19.11   24.39
-149760.064  1383.748    25.47   31.89
-149384.739  1403.682    53.11   38.15
-149009.406  1422.539    50.24   34.54
-148634.065  1444.200    57.71   27.98
-148258.717  1455.794    30.89   27.12
-147883.361  1462.722    18.46   24.81
-147507.998  1449.564   -35.05   40.03
-147132.627  1419.514   -80.05   62.26
-146757.248  1373.594  -122.32   78.48
-146381.862  1314.664  -156.97   88.82
-146006.469  1267.757  -124.94   96.82
-145631.068  1202.023  -175.09  101.59
-145255.659  1156.289  -121.82   78.64
-144880.243  1137.573   -49.85   47.91
-144504.819  1142.289    12.56   38.16
-144129.388  1163.825    57.36   34.35
-143753.949  1185.657    58.15   30.56
-143378.502  1207.494    58.16   39.38
-143003.048  1223.902    43.70   33.57
-142627.586  1233.520    25.62   24.05
-142252.117  1221.235   -32.72   32.45
-141876.640  1200.214   -55.98   30.94
-141501.156  1180.889   -51.46   21.04
-141125.663  1175.209   -15.12   13.05
-140750.164  1172.863    -6.25   12.05
-140374.657  1171.389    -3.92   14.17
-139999.142  1161.979   -25.06   15.13
-139623.619  1151.472   -27.98   16.33
-139248.089  1141.789   -25.78   17.02
-138872.552  1128.671   -34.93   15.49
-138497.006  1119.389   -24.71   15.74
-138121.453  1115.645    -9.97   16.25
-137745.893  1119.205     9.48   17.89
-137370.325  1124.364    13.74   15.59
-136994.749  1127.671     8.80   11.68
-136619.166  1122.164   -14.66   14.97
-136243.575  1114.799   -19.61   15.02
-135867.976  1115.989     3.17   15.07
-135492.370  1117.439     3.86   15.32
-135116.756  1116.205    -3.29   18.70
-134741.135  1105.139   -29.46   26.81
-134365.506  1085.543   -52.17   29.79
-133989.869  1065.839   -52.45   33.79
-133614.225  1040.339   -67.88   34.97
-133238.573  1016.667   -63.01   31.38
-132862.913   995.389   -56.64   21.24
-132487.246   983.821   -30.79   15.11
-132111.571   980.864    -7.87   14.50
-131735.889   979.096    -4.70   15.35
-131360.199   975.836    -8.68   16.70
-130984.501   967.539   -22.08   19.82
-130608.795   954.705   -34.16   24.64
-130233.082   937.664   -45.35   21.79
-129857.361   927.589   -26.81   16.36
-129481.633   933.442    15.58   32.00
-129105.897   963.514    80.03   62.61
-128730.153  1003.953   107.62   70.80
-128354.401  1058.218   144.41   69.32
-127978.642  1103.543   120.61   39.60
-127602.876  1113.189    25.67   30.50
-127227.101  1111.286    -5.06   31.79
-126851.319  1106.705   -12.19   32.11
-126475.529  1112.889    16.46   28.84
-126099.732  1137.132    64.51   40.25
-125723.927  1166.184    77.30   65.87
-125348.114  1192.652    70.42   72.78
-124972.293  1206.363    36.48   68.84
-124596.465  1205.336    -2.73   76.22
-124220.629  1179.139   -69.70   74.60
-123844.786  1152.214   -71.63   62.67
-123468.934  1123.939   -75.22   54.10
-123093.075  1101.517   -59.65   49.16
-122717.209  1078.620   -60.92   42.39
-122341.334  1059.652   -50.46   41.97
-121965.452  1047.714   -31.76   44.38
-121589.562  1049.876     5.75   68.71
-121213.665  1025.314   -65.34   81.97
-120837.760   989.030   -96.52   91.39
-120461.847   939.440  -131.91   76.21
-120085.926   903.511   -95.57   54.03
-119709.998   885.167   -48.79   59.15
-119334.062   874.876   -27.37   68.69
-118958.118   873.389    -3.96   77.35
-118582.166   843.927   -78.36   71.97
-118206.207   812.489   -83.62   53.62
-117830.240   788.167   -64.69   39.37
-117454.265   770.443   -47.14   20.40
-117078.283   763.178   -19.32   17.65
-116702.293   756.927   -16.62   13.64
-116326.295   750.901   -16.03   13.50
-115950.289   744.551   -16.89   12.49
-115574.276   742.939    -4.29   12.79
-115198.255   743.363     1.13   13.41
-114822.226   745.073     4.55   15.19
-114446.189   745.014    -0.16   15.78
-114070.145   743.081    -5.14   15.46
-113694.093   736.145   -18.44   14.01
-113318.033   733.547    -6.91   13.30
-112941.965   732.589    -2.55   11.02
-112565.890   732.520    -0.18    9.34
-112189.807   738.121    14.89   12.11
-111813.716   746.314    21.78   11.98
-111437.617   749.942     9.64   11.40
-111061.511   749.289    -1.74   13.20
-110685.397   742.953   -16.84   15.38
-110309.275   734.989   -21.17   11.90
-109933.145   730.189   -12.76   10.66
-109557.007   728.254    -5.14   11.41
-109180.862   732.227    10.56   11.22
-108804.709   732.497     0.72    9.65
-108428.548   728.214   -11.39   11.50
-108052.379   728.486     0.72   13.92
-107676.203   729.081     1.58   13.35
-107300.019   732.439     8.93   11.39
-106923.827   734.205     4.69    9.77
-106547.627   728.560   -15.00    9.67
-106171.419   722.464   -16.20   10.10
-105795.204   717.810   -12.37    9.38
-105418.981   714.439    -8.96    9.93
-105042.750   712.107    -6.20   10.99
-104666.511   709.267    -7.55   11.37
-104290.264   707.231    -5.41    9.65
-103914.010   702.004   -13.89    8.88
-103537.747   696.594   -14.38    8.45
-103161.477   691.491   -13.56    8.36
-102785.200   686.814   -12.43    8.98
-102408.914   682.303   -11.99    8.40
-102032.620   677.056   -13.94    9.49
-101656.319   669.645   -19.69    9.38
-101280.010   664.281   -14.25    7.46
-100903.693   660.126   -11.04    7.21
-100527.368   657.250    -7.64    8.31
-100151.035   653.189   -10.79    9.64
 -99774.695   648.594   -12.21   10.00
 -99398.346   643.979   -12.26   10.65
 -99021.990   640.389    -9.54   10.92
 -98645.626   638.389    -5.31   11.01
 -98269.254   633.828   -12.12   13.17
 -97892.875   627.517   -16.77   15.88
 -97516.487   626.030    -3.95   27.63
 -97140.092   623.289    -7.28   30.95
 -96763.689   625.902     6.94   34.14
 -96387.277   626.950     2.78   30.10
 -96010.858   624.389    -6.80   18.69
 -95634.432   628.184    10.08   17.28
 -95257.997   645.825    46.86   28.22
 -94881.554   653.964    21.62   26.08
 -94505.104   668.264    37.98   30.95
 -94128.646   677.694    25.05   40.27
 -93752.180   686.257    22.74   50.21
 -93375.706   700.336    37.40   54.61
 -92999.224   710.020    25.72   59.17
 -92622.734   713.927    10.38   60.61
 -92246.236   701.361   -33.38   61.00
 -91869.731   691.939   -25.02   76.68
 -91493.217   667.209   -65.68   78.11
 -91116.696   639.927   -72.45   59.46
 -90740.167   627.979   -31.73   48.55
 -90363.630   616.578   -30.28   41.53
 -89987.085   598.023   -49.27   35.77
 -89610.532   584.312   -36.41   34.27
 -89233.971   568.543   -41.88   29.43
 -88857.402   552.235   -43.30   24.19
 -88480.826   541.722   -27.92   12.87
 -88104.241   533.164   -22.73    9.81
 -87727.799   526.257   -18.35    8.59
 -87352.781   520.589   -15.11    8.26
 -86977.756   513.757   -18.22    6.28
 -86602.723   509.486   -11.39    5.43
 -86227.682   505.039   -11.86    5.10
 -85852.633   502.778    -6.03    4.09
 -85477.577   501.119    -4.42    4.27
 -85102.512   499.152    -5.24    4.90
 -84727.440   499.030    -0.33    5.41
 -84352.360   498.979    -0.14    6.03
 -83977.272   498.839    -0.37    6.43
 -83602.176   496.639    -5.86    6.71
 -83227.072   495.038    -4.27    6.94
 -82851.960   492.338    -7.20    6.61
 -82476.841   488.413   -10.46    5.52
 -82101.713   487.705    -1.89    6.75
 -81726.578   490.514     7.49   20.93
 -81351.435   503.440    34.46   45.03
 -80976.284   519.169    41.93   64.61
 -80601.125   525.731    17.49   65.50
 -80225.958   527.466     4.62   63.27
 -79850.784   516.825   -28.36   48.29
 -79475.601   526.466    25.70   57.05
 -79100.411   551.414    66.49   84.66
 -78725.212   600.889   131.86   95.17
 -78350.006   627.594    71.17   92.18
 -77974.792   634.152    17.48   93.89
 -77599.570   627.705   -17.18   95.77
 -77224.340   592.004   -95.14   99.74
 -76849.103   547.551  -118.46   81.01
 -76473.857   507.389  -107.02   60.04
 -76098.603   477.968   -78.40   27.14
 -75723.342   465.748   -32.56   12.83
 -75348.072   459.639   -16.28    6.47
 -74972.795   456.942    -7.19    6.27
 -74597.510   455.584    -3.62    6.01
 -74222.217   452.389    -8.51    2.95
 -73846.916   450.286    -5.60    3.86
 -73471.607   447.652    -7.02    4.43
 -73096.290   445.030    -6.99    5.60
 -72720.965   441.464    -9.50    5.95
 -72345.632   437.547   -10.44    5.58
 -71970.291   434.064    -9.28    5.25
 -71594.943   429.705   -11.61    4.73
 -71219.586   426.218    -9.29    4.77
 -70844.222   422.639    -9.54    4.92
 -70468.849   420.442    -5.85    4.87
 -70093.469   422.678     5.96    8.16
 -69718.081   434.332    31.04   20.21
 -69342.684   439.514    13.80   22.56
 -68967.280   440.645     3.01   23.33
 -68591.868   434.286   -16.94   23.79
 -68216.448   423.235   -29.44   16.52
 -67841.020   416.556   -17.79   10.53
 -67465.584   411.657   -13.05    8.27
 -67090.140   408.568    -8.23    7.08
 -66714.688   407.599    -2.58    5.59
 -66339.228   408.714     2.97    4.98
 -65963.760   413.722    13.34   11.93
 -65588.284   429.889    43.05   31.88
 -65212.800   446.363    43.87   37.09
 -64837.309   464.953    49.51   39.55
 -64461.809   473.466    22.67   33.21
 -64086.301   461.464   -31.96   43.32
 -63710.785   433.564   -74.30   46.15
 -63335.262   405.500   -74.73   29.69
 -62959.730   391.389   -37.58   20.39
 -62584.190   384.020   -19.62   17.93
 -62208.643   376.784   -19.27   12.24
 -61833.087   370.850   -15.80    9.65
 -61457.523   371.764     2.43   14.16
 -61081.952   385.107    35.53   30.02
 -60706.372   389.442    11.54   28.18
 -60330.785   387.799    -4.37   29.04
 -59955.189   385.657    -5.70   30.68
 -59579.585   385.443    -0.57   31.21
 -59203.974   386.314     2.32   30.68
 -58828.354   384.126    -5.83   32.61
 -58452.726   369.364   -39.30   34.78
 -58077.091   349.081   -54.00   15.88
 -57701.447   340.914   -21.74    8.12
 -57325.795   336.235   -12.45    6.21
 -56950.136   332.645    -9.56    6.56
 -56574.468   329.914    -7.27    6.86
 -56198.792   329.875    -0.10   10.18
 -55823.108   331.828     5.20   17.15
 -55447.416   331.081    -1.99   17.67
 -55071.717   330.850    -0.61   11.83
 -54696.009   331.442     1.57    9.41
 -54320.293   334.528     8.21   13.41
 -53944.569   331.414    -8.29    8.95
 -53568.837   329.004    -6.41    6.65
 -53193.097   328.645    -0.96    5.15
 -52817.349   328.671     0.07    4.67
 -52441.592   332.278     9.60   11.65
 -52065.828   338.194    15.74   17.41
 -51690.056   342.645    11.85   22.73
 -51314.276   343.363     1.91   24.45
 -50938.487   333.189   -27.07   27.39
 -50562.691   322.902   -27.37   26.26
 -50186.887   310.889   -31.96   17.62
 -49811.074   302.184   -23.16    6.01
 -49435.253   298.839    -8.90    5.05
 -49059.425   295.020   -10.16    3.60
 -48683.588   293.139    -5.01    3.04
 -48307.743   291.539    -4.26    2.79
 -47931.890   290.083    -3.87    2.18
 -47556.029   288.599    -3.95    2.49
 -47180.160   287.178    -3.78    2.47
 -46804.283   285.968    -3.22    1.85
 -46428.398   285.107    -2.29    1.86
 -46052.505   285.599     1.31    2.74
 -45676.603   285.517    -0.22    3.12
 -45300.694   285.310    -0.55    3.56
 -44924.776   285.705     1.05    3.47
 -44548.851   286.096     1.04    3.79
 -44172.917   286.983     2.36    3.20
 -43796.975   287.714     1.94    3.08
 -43421.025   287.671    -0.11    3.21
 -43045.067   287.714     0.11    3.09
 -42669.101   288.697     2.61    3.33
 -42293.127   288.825     0.34    3.57
 -41917.144   289.364     1.44    3.52
 -41541.154   289.626     0.69    3.61
 -41165.155   289.839     0.57    3.63
 -40789.149   291.362     4.05    3.80
 -40413.134   292.657     3.44    3.92
 -40037.111   294.594     5.15    4.37
 -39661.080   297.626     8.06    4.50
 -39285.040   300.543     7.76    5.89
 -38908.993   303.464     7.77    5.69
 -38532.938   305.825     6.28    4.65
 -38156.874   308.338     6.68    4.34
 -37780.802   310.678     6.22    4.48
 -37404.722   312.810     5.67    4.85
 -37028.634   315.694     7.67    5.16
 -36652.538   320.214    12.02    5.59
 -36276.434   324.291    10.84    6.72
 -35900.322   328.363    10.83    6.75
 -35524.201   333.614    13.96    7.14
 -35148.072   338.810    13.81    7.47
 -34771.935   345.814    18.62   10.01
 -34395.790   358.466    33.64   21.22
 -34019.637   378.614    53.56   42.18
 -33643.476   430.339   137.50   86.07
 -33267.306   476.081   121.60  114.30
 -32891.128   522.657   123.81  111.34
 -32514.943   587.231   171.65  104.37
 -32138.748   609.209    58.42   76.26
 -31762.546   635.107    68.84   47.01
 -31386.336   649.466    38.17   41.78
 -31010.117   633.564   -42.27   49.96
 -30633.891   610.111   -62.34   58.78
 -30257.656   558.107  -138.22   91.64
 -29881.413   494.310  -169.56   96.10
 -29505.161   442.158  -138.61   71.00
 -29128.902   400.004  -112.03   30.90
 -28752.634   385.806   -37.74   22.91
 -28376.358   375.389   -27.68   18.71
 -28000.074   367.440   -21.12   14.10
 -27623.782   356.286   -29.64   12.37
 -27247.481   348.056   -21.87   10.06
 -26871.173   342.442   -14.92    7.58
 -26494.856   340.682    -4.68   11.44
 -26118.531   338.286    -6.36   12.82
 -25742.198   335.439    -7.57   13.84
 -25365.856   331.158   -11.37   13.72
 -24989.506   325.739   -14.40    9.22
 -24613.148   323.682    -5.47    8.72
 -24236.782   323.836     0.41    8.27
 -23860.408   325.864     5.39    7.77
 -23484.025   327.440     4.19    7.51
 -23107.635   327.584     0.38    6.63
 -22731.236   330.639     8.12    9.10
 -22354.828   337.389    17.93   12.68
 -21978.413   349.659    32.60   22.65
 -21601.989   366.126    43.74   31.40
 -21225.557   369.312     8.46   39.27
 -20849.117   349.363   -52.99   55.25
 -20472.668   320.489   -76.70   48.23
 -20096.212   299.158   -56.66   31.96
 -19719.747   299.784     1.66   31.13
 -19343.274   301.184     3.72   31.04
 -18966.792   301.364     0.48   28.27
 -18590.303   300.065    -3.45   24.85
 -18213.805   287.989   -32.07   18.23
 -17837.298   284.363    -9.63   14.54
 -17460.784   287.164     7.44   12.75
 -17084.261   293.004    15.51   14.40
 -16707.730   298.184    13.76   14.79
 -16331.191   303.657    14.54   15.98
 -15954.644   306.099     6.49   17.43
 -15578.088   298.664   -19.75   18.30
 -15201.524   292.942   -15.20   21.61
 -14824.951   280.340   -33.46   19.55
 -14448.371   267.864   -33.13   19.06
 -14071.782   256.336   -30.61   20.35
 -13695.185   243.645   -33.70   14.42
 -13318.579   233.564   -26.77    9.07
 -12941.965   229.543   -10.68    7.84
 -12566.202   228.415    -3.00    9.41
 -12191.226   228.784     0.98   11.39
 -11816.241   227.152    -4.35   16.69
 -11441.248   223.556    -9.59   17.04
 -11066.247   216.939   -17.64   17.00
 -10691.237   208.535   -22.41   11.42
 -10316.220   204.652   -10.35   11.17
  -9941.194   200.014   -12.37   10.14
  -9566.160   198.799    -3.24   16.03
  -9191.117   196.139    -7.09   26.05
  -8816.067   188.902   -19.30   30.46
  -8441.008   181.489   -19.76   31.39
  -8065.941   168.889   -33.59   24.32
  -7690.865   161.107   -20.75   21.67
  -7315.782   154.535   -17.52   20.42
  -6940.690   149.611   -13.13   22.10
  -6565.590   145.132   -11.94   33.70
  -6190.482   137.645   -19.96   41.74
  -5815.365   116.645   -55.98   28.95
  -5440.240   103.414   -35.27   20.32
  -5065.107   100.028    -9.03   19.40
  -4689.966    96.863    -8.44   19.51
  -4314.816    92.254   -12.29   21.50
  -3939.658    85.189   -18.83   21.00
  -3564.492    72.633   -33.47   20.72
  -3189.318    60.494   -32.35   17.17
  -2814.135    52.164   -22.20   12.43
  -2438.944    48.547    -9.64   12.53
  -2063.745    43.239   -14.15   13.85
  -1688.537    40.739    -6.66   15.97
  -1313.322    32.863   -20.99   16.23
   -938.097    20.889   -31.91   16.63
   -562.865    13.440   -19.85   15.03
   -187.624     7.486   -15.87   11.74
    187.624     4.757    -7.27    9.42
    562.882     7.214     6.55   13.39
    938.147    18.466    29.98   24.42
   1313.421    30.953    33.27   28.56
   1688.703    41.339    27.67   24.55
   2063.994    50.573    24.61   23.58
   2439.292    47.517    -8.14   22.04
   2814.599    45.705    -4.83   20.20
   3189.915    49.620    10.43   18.72
   3565.238    53.145     9.39   17.32
   3940.570    62.333    24.48   16.70
   4315.911    67.989    15.07   14.59
   4691.259    78.235    27.30   18.36
   5066.616    92.440    37.84   20.46
   5441.981   106.914    38.56   21.06
   5817.355   119.261    32.89   18.83
   6192.737   127.608    22.24   15.18
   6568.127   132.442    12.87   12.78
   6943.526   137.114    12.45   15.23
   7318.932   145.152    21.41   15.46
   7694.348   150.706    14.79   14.15
   8069.771   152.389     4.48   13.39
   8445.203   151.030    -3.62   16.16
   8820.643   145.689   -14.23   19.43
   9196.092   138.107   -20.19   22.60
   9571.549   132.939   -13.76   25.77
   9947.014   120.389   -33.43   27.20
  10322.488   112.119   -22.03   25.32
  10697.970   116.902    12.74   26.95
  11073.460   121.167    11.36   21.71
  11448.959   128.764    20.23   19.32
  11824.466   129.486     1.92   18.77
  12199.981   125.714   -10.05   17.12
  12575.505   127.517     4.80   15.01
  12951.037   125.524    -5.31   13.82
  13326.578   122.317    -8.54   12.29
  13702.127   121.722    -1.58   11.23
  14077.684   124.389     7.10   11.84
  14453.250   129.114    12.58   12.43
  14828.824   136.440    19.51   12.67
  15204.406   145.841    25.03   13.34
  15579.997   154.081    21.94   15.06
  15955.596   164.491    27.72   15.87
  16331.204   171.620    18.98   13.88
  16706.820   175.014     9.04   11.78
  17082.444   180.564    14.78   13.60
  17458.077   181.778     3.23   13.45
  17833.718   181.836     0.16   11.86
  18209.367   181.389    -1.19    8.63
  18585.025   182.863     3.92    7.90
  18960.692   186.825    10.55    8.20
  19336.366   191.264    11.82    8.00
  19712.050   196.620    14.26    7.31
  20087.741   201.310    12.48    5.97
  20463.441   204.814     9.33    5.25
  20839.150   208.291     9.26    5.80
  21214.867   212.146    10.26    6.21
  21590.592   217.139    13.29    6.61
  21966.325   222.336    13.83    5.27
  22342.068   226.901    12.15    5.68
  22717.818   228.645     4.64    4.56
  23093.577   227.927    -1.91    5.37
  23469.344   223.889   -10.75    8.08
  23845.120   217.620   -16.68    7.92
  24220.905   211.072   -17.42    7.48
  24596.697   205.494   -14.84    6.48
  24972.498   201.413   -10.86    6.60
  25348.308   197.573   -10.22    7.45
  25724.126   194.517    -8.13   10.43
  26099.953   187.825   -17.81   10.54
  26475.788   182.547   -14.04    6.50
  26851.631   181.927    -1.65    4.18
  27227.483   184.132     5.87    6.25
  27603.343   194.520    27.64   21.12
  27979.212   204.209    25.78   30.10
  28355.089   208.417    11.19   31.36
  28730.975   209.364     2.52   30.88
  29106.869   199.594   -25.99   15.45
  29482.772   199.825     0.61   10.95
  29858.683   206.440    17.60   12.11
  30234.602   211.850    14.39   12.23
  30610.531   218.014    16.40   10.70
  30986.467   221.902    10.34    9.47
  31362.412   222.389     1.30    8.49
  31738.366   219.363    -8.05    8.05
  32114.328   214.261   -13.57    9.78
  32490.298   206.145   -21.59    9.95
  32866.277   198.983   -19.05    7.23
  33242.265   194.209   -12.70    7.16
  33618.261   190.739    -9.23    7.28
  33994.265   186.039   -12.50    9.05
  34370.278   179.414   -17.62   10.73
  34746.299   172.667   -17.94    9.17
  35122.329   167.415   -13.97    5.52
  35498.368   164.863    -6.79    5.13
  35874.415   162.689    -5.78    5.87
  36250.470   158.804   -10.33    6.27
  36626.534   155.081    -9.90    5.69
  37002.607   151.214   -10.28    4.12
  37378.688   148.568    -7.03    3.38
  37754.778   147.264    -3.47    3.31
  38130.876   146.730    -1.42    2.81
  38506.982   147.047     0.84    2.89
  38883.098   149.314     6.03    3.84
  39259.221   152.284     7.90    3.94
  39635.353   155.706     9.10    5.02
  40011.494   160.286    12.18    5.50
  40387.643   164.739    11.84    6.00
  40763.801   169.284    12.08    6.21
  41139.968   173.184    10.37    5.83
  41516.143   177.714    12.04    7.01
  41892.326   182.442    12.57    6.58
  42268.518   187.169    12.57    6.74
  42644.719   192.799    14.97    8.25
  43020.928   196.491     9.81    9.16
  43397.145   202.389    15.68    9.22
  43773.372   206.605    11.21    8.98
  44149.606   209.664     8.13    9.98
  44525.850   212.979     8.81   10.71
  44902.102   215.953     7.91   10.91
  45278.362   219.825    10.29   11.67
  45654.631   223.194     8.96   10.89
  46030.909   227.014    10.15   11.56
  46407.195   231.235    11.22   10.52
  46783.490   238.257    18.66   10.34
  47159.793   245.714    19.82   11.72
  47536.105   252.568    18.22   11.62
  47912.426   259.289    17.86   10.06
  48288.755   266.466    19.07    8.87
  48665.093   271.239    12.68    7.42
  49041.439   278.310    18.79    9.50
  49417.794   286.056    20.58   10.99
  49794.157   299.657    36.14   20.86
  50170.529   320.278    54.79   29.83
  50546.910   336.132    42.13   26.87
  50923.299   346.722    28.14   19.88
  51299.697   345.235    -3.95   21.99
  51676.104   329.989   -40.51   24.72
  52052.519   307.178   -60.60   29.80
  52428.943   287.731   -51.66   32.67
  52805.375   268.968   -49.85   24.92
  53181.816   257.825   -29.60   18.31
  53558.266   250.218   -20.21   15.96
  53934.724   242.551   -20.37   19.77
  54311.191   229.664   -34.23   22.56
  54687.666   216.568   -34.79   16.34
  55064.150   205.107   -30.44    9.46
  55440.643   197.264   -20.83    7.82
  55817.144   191.004   -16.63    8.42
  56193.654   186.584   -11.74    7.18
  56570.173   186.081    -1.34    7.13
  56946.700   188.689     6.93    8.34
  57323.236   195.126    17.10    8.20
  57699.781   201.614    17.23    7.76
  58076.334   213.243    30.88   17.45
  58452.896   231.757    49.17   33.59
  58829.466   263.514    84.33   57.27
  59206.046   284.363    55.37   56.83
  59582.633   285.340     2.59   51.31
  59959.230   275.964   -24.90   35.66
  60335.835   261.556   -38.26   17.66
  60712.449   264.047     6.62   21.13
  61089.071   271.697    20.31   26.32
  61465.702   268.491    -8.51   26.63
  61842.342   262.338   -16.34   31.17
  62218.991   244.864   -46.39   30.59
  62594.010   223.850   -56.04   16.22
  62968.945   223.494    -0.95   17.30
  63343.890   232.589    24.26   26.87
  63718.843   238.901    16.84   25.38
  64093.804   241.231     6.21   24.51
  64468.775   227.689   -36.12   34.28
  64843.753   208.915   -50.07   37.00
  65218.741   186.164   -60.67   35.19
  65593.737   165.389   -55.40   21.29
  65968.741   153.902   -30.63    8.16
  66343.754   147.697   -16.55    6.10
  66718.776   142.722   -13.26    6.72
  67093.807   137.633   -13.57    7.87
  67468.846   131.278   -16.95    6.95
  67843.894   126.158   -13.65    6.09
  68218.950   121.004   -13.74    5.02
  68594.015   117.799    -8.55    5.24
  68969.088   115.164    -7.03    5.38
  69344.171   116.497     3.55   18.43
  69719.262   126.757    27.36   34.60
  70094.361   138.312    30.81   43.10
  70469.469   133.689   -12.33   41.77
  70844.586   127.389   -16.80   39.02
  71219.711   114.968   -33.11   31.68
  71594.846   101.339   -36.33   20.22
  71969.988    92.363   -23.93    3.89
  72345.140    89.889    -6.59    4.10
  72720.300    86.639    -8.66    5.36
  73095.468    83.731    -7.75    5.00
  73470.646    82.489    -3.31    4.30
  73845.832    83.415     2.47    5.00
  74221.026    86.950     9.42    6.16
  74596.230    92.286    14.22    6.70
  74971.442    96.314    10.73    6.04
  75346.663   100.568    11.34    5.90
  75721.892   105.286    12.57    5.54
  76097.130   108.014     7.27    5.00
  76472.377   110.686     7.12    4.70
  76847.632   112.697     5.36    4.25
  77222.896   115.902     8.54    4.60
  77598.169   119.209     8.81    5.67
  77973.450   123.799    12.23    5.86
  78348.741   127.917    10.97    5.51
  78724.039   132.789    12.98    5.31
  79099.347   136.184     9.05    4.31
  79474.663   140.209    10.73    4.86
  79849.988   144.114    10.40    5.80
  80225.322   147.056     7.84    6.05
  80600.664   151.023    10.57    6.50
  80976.015   153.731     7.21    6.87
  81351.375   156.239     6.68    6.70
  81726.743   160.968    12.60    6.72
  82102.121   163.614     7.05    6.84
  82477.507   166.169     6.81    6.52
  82852.901   169.231     8.16    6.79
  83228.305   168.514    -1.91    5.54
  83603.717   167.573    -2.51    5.17
  83979.137   167.828     0.68    5.17
  84354.567   166.564    -3.37    4.73
  84730.005   165.774    -2.11    5.53
  85105.452   162.442    -8.88    6.48
  85480.908   156.794   -15.04    7.17
  85856.372   151.714   -13.53    6.96
  86231.846   146.286   -14.46    6.02
  86607.328   142.184   -10.93    5.17
  86982.818   137.748   -11.81    5.04
  87358.318   134.167    -9.54    4.53
  87733.826   130.438    -9.93    5.77
  88109.343   126.209   -11.26    5.19
  88484.869   123.671    -6.76    4.76
  88860.403   122.914    -2.02    5.50
  89235.946   121.902    -2.70    6.18
  89611.498   122.114     0.57    6.39
  89987.059   122.235     0.32    5.88
  90362.628   121.839    -1.05    5.67
  90738.207   122.284     1.18    5.79
  91113.794   121.243    -2.77    5.35
  91489.390   117.814    -9.13    7.37
  91864.994   113.000   -12.82    9.54
  92240.608   107.774   -13.92   12.13
  92616.230   102.114   -15.07   15.28
  92991.861    99.014    -8.25   17.04
  93367.500    97.389    -4.33   18.28
  93743.149    99.389     5.32   19.68
  94118.806   101.875     6.62   20.35
  94494.472    99.119    -7.34   22.85
  94870.147    99.914     2.12   23.93
  95245.831    92.047   -20.94   21.44
  95621.523    84.645   -19.70   16.39
  95997.225    77.939   -17.85    5.82
  96372.935    79.889     5.19    9.74
  96748.654    82.682     7.43   12.81
  97124.381    83.114     1.15   12.57
  97500.118    81.825    -3.43   10.59
  97875.863    86.589    12.68   15.94
  98251.617    96.107    25.33   19.77
  98627.380   106.984    28.95   16.73
  99003.152   116.915    26.43    3.13
  99378.933   117.748     2.22    2.80
  99754.722   120.289     6.76    4.04
 100130.520   124.774    11.93    5.34
 100506.327   129.189    11.75    6.33
 100882.143   134.500    14.13    6.02
 101257.968   141.214    17.87    8.27
 101633.802   152.678    30.51   19.65
 102009.644   171.442    49.93   41.05
 102385.495   187.415    42.50   41.59
 102761.356   200.047    33.61   38.42
 103137.225   210.989    29.11   33.63
 103513.102   207.748    -8.62   23.10
 103888.989   210.030     6.07   22.16
 104264.885   215.535    14.65   21.02
 104640.789   218.152     6.96   18.71
 105016.702   230.925    33.98   28.64
 105392.624   241.363    27.77   26.23
 105768.555   250.139    23.35   24.83
 106144.495   254.014    10.31   23.26
 106520.444   258.004    10.61   23.34
 106896.401   264.730    17.89   23.86
 107272.368   269.705    13.23   23.70
 107648.343   270.639     2.48   20.91
 108024.327   279.284    22.99   20.34
 108400.320   283.364    10.85   20.34
 108776.322   288.023    12.39   19.97
 109152.333   288.073     0.13   12.98
 109528.353   289.748     4.45   11.21
 109904.382   294.364    12.28   10.44
 110280.419   298.081     9.89   10.21
 110656.466   306.489    22.36   11.42
 111032.521   313.626    18.98   12.73
 111408.585   320.578    18.49   11.21
 111784.658   327.000    17.08   11.48
 112160.740   345.589    49.43   29.02
 112536.831   361.145    41.37   32.70
 112912.931   374.964    36.74   32.25
 113289.040   386.264    30.05   25.66
 113665.157   388.573     6.14   19.27
 114041.284   387.103    -3.91   15.24
 114417.419   386.056    -2.79   11.60
 114793.564   387.517     3.89   12.10
 115169.717   390.239     7.24   10.70
 115545.879   392.209     5.24    8.35
 115922.051   397.127    13.07    9.51
 116298.231   406.184    24.08   16.56
 116674.420   422.876    44.38   33.19
 117050.618   430.491    20.24   32.17
 117426.825   435.314    12.82   27.52
 117803.041   434.089    -3.26   23.82
 118179.265   425.944   -21.65   11.15
 118555.499   436.939    29.22   30.43
 118931.742   453.468    43.93   42.79
 119307.994   477.748    64.54   51.43
 119684.254   483.799    16.08   41.03
 120060.524   476.599   -19.14   25.77
 120436.802   469.314   -19.36   15.45
 120813.090   462.825   -17.25   10.38
 121189.386   467.440    12.27   21.94
 121565.692   471.121     9.78   24.52
 121942.006   473.205     5.54   25.56
 122318.329   469.828    -8.97   27.52
 122694.662   456.671   -34.96   23.15
 123071.003   445.774   -28.96   23.95
 123447.353   437.289   -22.55   20.54
 123823.712   430.799   -17.24   11.57
 124200.081   430.770    -0.08   12.25
 124576.458   432.810     5.42   11.52
 124952.844   434.464     4.39   11.40
 125329.239   437.626     8.40   10.61
 125705.643   438.462     2.22   11.13
 126082.057   437.764    -1.85   12.06
 126458.479   434.863    -7.71   12.18
 126834.910   432.889    -5.24   12.53
 127211.350   431.989    -2.39   13.95
 127587.799   439.755    20.63   31.01
 127964.257   448.214    22.47   40.63
 128340.725   461.626    35.63   49.22
 128717.201   460.767    -2.28   49.78
 129093.686   457.659    -8.26   51.71
 129470.180   455.614    -5.43   53.12
 129846.683   440.414   -40.37   48.97
 130223.196   428.589   -31.41   38.19
 130599.717   411.839   -44.49   12.27
 130976.247   408.227    -9.59   10.68
 131352.787   405.614    -6.94   12.82
 131729.335   398.535   -18.80   12.12
 132105.892   392.494   -16.04   10.96
 132482.459   384.664   -20.80    8.34
 132859.034   377.284   -19.60    9.78
 133235.619   371.214   -16.12    8.86
 133612.212   368.964    -5.98    7.92
 133988.815   371.209     5.96   10.02
 134365.427   379.925    23.15   12.40
 134742.047   387.056    18.93   10.76
 135118.677   392.755    15.13    9.11
 135495.316   398.205    14.47    8.66
 135871.964   402.089    10.31    9.58
 136248.620   407.363    14.00   10.67
 136625.286   413.314    15.80   11.42
 137001.961   417.189    10.29   10.12
 137377.964   422.757    14.81    9.49
 137752.849   436.594    36.91   25.38
 138127.743   455.825    51.30   38.50
 138502.646   466.030    27.22   38.41
 138877.558   467.568     4.10   36.60
 139252.479   462.092   -14.61   31.24
 139627.409   454.789   -19.48   13.97
 140002.348   460.261    14.60   20.97
 140377.296   469.697    25.17   23.86
 140752.253   478.413    23.25   27.65
 141127.219   481.286     7.66   28.37
 141502.194   477.462   -10.20   25.39
 141877.178   473.810    -9.74   18.32
 142252.171   473.294    -1.38   13.82
 142627.173   476.081     7.43   10.49
 143002.184   478.239     5.75    6.83
 143377.204   483.314    13.53    7.12
 143752.233   490.543    19.28   11.36
 144127.271   499.633    24.24   18.44
 144502.318   507.524    21.04   19.20
 144877.374   516.852    24.87   24.38
 145252.439   525.825    23.92   35.67
 145627.513   525.979     0.41   30.07
 146002.596   538.056    32.20   33.87
 146377.688   541.968    10.43   25.62
 146752.789   541.339    -1.68   23.77
 147127.900   538.209    -8.34   25.71
 147503.019   525.440   -34.04   20.02
 147878.147   513.560   -31.67   14.82
 148253.285   503.308   -27.33    8.29
 148628.431   498.852   -11.88    6.07
 149003.586   494.543   -11.49    6.84
 149378.751   490.164   -11.67    8.34
 149753.924   484.339   -15.53    8.65
 150129.107   480.620    -9.91    7.10
 150504.299   482.852     5.95   10.41
 150879.500   489.836    18.62   12.94
 151254.709   499.314    25.26   12.12
 151629.928   505.626    16.82    8.94
 152005.156   504.560    -2.84    8.53
 152380.393   498.964   -14.91   11.85
 152755.639   490.261   -23.20   10.67
 153130.894   481.774   -22.62   10.26
 153506.159   474.312   -19.89    8.39
 153881.432   471.415    -7.72    7.87
 154256.714   471.132    -0.75    7.81
 154632.006   473.442     6.15    8.41
 155007.306   476.748     8.81    7.76
 155382.616   477.778     2.74    8.56
 155757.935   479.689     5.09   10.03
 156133.263   478.864    -2.20   10.15
 156508.599   478.264    -1.60   10.30
 156883.946   478.030    -0.62    9.00
 157259.301   479.284     3.34    9.81
 157634.665   483.484    11.19   10.88
 158010.038   486.132     7.06    9.46
 158385.421   486.464     0.88    9.11
 158760.812   483.850    -6.96    9.15
 159136.213   479.389   -11.89   11.00
 159511.623   471.852   -20.08   11.56
 159887.042   463.231   -22.97   10.53
 160262.470   457.264   -15.90   11.37
 160637.907   450.261   -18.66   12.50
 161013.353   443.511   -17.98   11.40
 161388.809   435.164   -22.23   10.92
 161764.273   428.626   -17.42   10.89
 162139.747   417.876   -28.63   15.90
 162515.230   409.614   -22.01   14.72
 162890.721   408.664    -2.53   13.20
 163266.223   410.364     4.53   13.50
 163641.733   413.697     8.88   13.97
 164017.252   416.081     6.35   14.24
 164392.781   422.056    15.91   13.12
 164768.318   431.564    25.32   17.19
 165143.865   443.714    32.36   22.40
 165519.421   456.671    34.50   22.57
 165894.986   475.689    50.64   21.59
 166270.561   488.722    34.71   18.64
 166646.144   496.651    21.11   14.51
 167021.737   503.491    18.21   10.99
 167397.338   508.414    13.11   10.96
 167772.949   520.107    31.13   15.97
 168148.570   533.440    35.50   17.90
 168524.199   541.889    22.49   12.48
 168899.837   545.310     9.11    9.06
 169275.485   545.464     0.41    9.99
 169651.142   545.514     0.13    9.92
 170026.808   552.047    17.39    9.94
 170402.483   559.764    20.54   12.59
 170778.167   570.750    29.25   15.79
 171153.861   581.848    29.54   19.45
 171529.564   594.915    34.78   18.66
 171905.276   601.364    17.17   15.06
 172280.997   603.864     6.65   18.09
 172656.727   604.064     0.53   19.37
 173032.467   612.314    21.96   21.44
 173408.216   628.099    42.02   23.90
 173783.974   656.925    76.72   38.54
 174159.741   692.608    94.97   45.08
 174535.517   716.774    64.31   41.13
 174911.303   728.189    30.38   42.22
 175287.098   715.757   -33.08   52.62
 175662.902   684.218   -83.93   63.09
 176038.715   650.539   -89.63   52.20
 176414.538   627.440   -61.47   33.94
 176790.370   628.979     4.09   40.59
 177166.211   642.030    34.73   45.57
 177542.061   643.779     4.65   40.15
 177917.920   643.578    -0.53   35.17
 178293.789   633.209   -27.59   29.22
 178669.667   620.132   -34.79   23.84
 179045.554   614.902   -13.92   18.78
 179421.450   612.739    -5.75   12.65
 179797.356   617.126    11.67   13.23
 180173.271   625.466    22.19   16.43
 180549.195   634.338    23.60   14.71
 180925.129   644.517    27.08   16.69
 181301.071   651.462    18.48   16.60
 181677.023   652.722     3.35   17.12
 182052.984   657.789    13.48   21.94
 182428.955   673.876    42.79   45.93
 182804.935   695.081    56.41   46.98
 183180.924   706.218    29.62   38.18
 183556.922   714.286    21.46   36.28
 183932.929   715.023     1.96   38.97
 184308.946   716.494     3.91   41.93
 184684.972   718.316     4.84   40.58
 185061.008   711.825   -17.26   50.55
 185437.052   685.839   -69.11   52.70
 185813.106   649.560   -96.48   32.11
 186189.170   630.889   -49.65   19.47
 186565.242   632.389     3.99   29.36
 186941.324   643.415    29.32   43.29
 187317.415   642.852    -1.50   32.79
 187693.516   647.089    11.27   26.89
 188069.625   644.047    -8.09   21.12
 188445.744   641.107    -7.82   24.33
 188821.873   635.705   -14.36   20.73
 189198.010   630.491   -13.86   12.54
 189574.157   634.784    11.41   17.95
 189950.314   641.389    17.56   21.31
 190326.479   647.731    16.86   19.88
 190702.654   650.389     7.07   16.53
 191078.838   657.689    19.41   15.40
 191455.032   663.664    15.88   15.81
 191831.235   671.164    19.94   15.56
 192207.447   676.889    15.22   10.44
 192583.668   677.927     2.76   10.91
 192959.899   673.151   -12.70   14.76
 193336.140   667.081   -16.13   16.63
 193712.389   660.789   -16.73   15.22
 194088.648   652.439   -22.19   10.72
 194464.916   646.543   -15.67    8.14
 194841.194   645.032    -4.02    8.74
 195217.481   647.415     6.33   13.17
 195593.777   657.364    26.44   26.89
 195970.083   677.850    54.45   38.19
 196346.398   695.564    47.08   40.76
 196722.722   705.164    25.51   35.14
 197099.056   704.889    -0.73   29.91
 197475.399   695.126   -25.95   31.46
 197851.751   676.902   -48.43   19.57
 198228.113   669.664   -19.23   10.18
 198604.484   674.664    13.29   30.83
 198980.865   673.722    -2.50   33.56
 199357.255   662.774   -29.09   34.92
 199733.654   657.284   -14.59   30.92
 200110.063   656.389    -2.38   20.79
 200486.481   660.364    10.56   20.43
 200862.908   674.697    38.08   28.35
 201239.345   690.739    42.62   35.24
 201615.791   695.312    12.15   36.23
 201992.247   686.877   -22.41   33.38
 202368.712   669.999   -44.84   20.37
 202745.186   660.209   -26.01   10.85
 203121.670   660.814     1.61   13.35
 203498.163   658.099    -7.21   13.91
 203874.666   656.151    -5.18   12.37
 204251.178   654.440    -4.54   10.93
 204627.699   658.364    10.42   14.10
 205004.230   669.239    28.89   13.36
 205380.770   678.312    24.10   20.38
 205757.320   684.096    15.36   23.80
 206133.879   685.389     3.43   24.06
 206510.448   682.316    -8.16   23.40
 206887.026   677.056   -13.97   14.84
 207263.613   675.594    -3.88    8.81
 207640.210   676.415     2.18    8.15
 208016.816   679.626     8.53    7.62
 208393.432   682.415     7.41    7.77
 208770.057   686.152     9.92    7.18
 209146.691   690.286    10.98    7.34
 209523.335   696.774    17.23    8.46
 209899.989   703.556    18.01   10.54
 210276.652   716.289    33.81   20.88
 210653.324   734.439    48.19   36.67
 211030.006   743.214    23.30   35.60
 211406.697   744.964     4.65   34.21
 211783.398   739.389   -14.80   31.48
 212160.108   729.913   -25.16   19.23
 212535.305   723.030   -18.35    7.37
 212910.152   724.539     4.03    7.20
 213285.008   734.064    25.41   21.76
 213659.874   753.209    51.08   45.62
 214034.749   787.556    91.63   79.60
 214409.633   809.152    57.62   87.89
 214784.527   822.114    34.58   88.52
 215159.430   821.568    -1.46   80.51
 215534.343   813.169   -22.41   64.87
 215909.264   819.589    17.12   67.98
 216284.196   803.942   -41.74   42.75
 216659.136   798.389   -14.81   28.52
 217034.086   795.789    -6.94   15.18
 217409.046   798.789     8.00   13.10
 217784.015   810.339    30.81   16.99
 218158.993   827.539    45.88   25.50
 218533.981   863.338    95.48   54.79
 218908.978   910.806   126.60   73.23
 219283.984   983.464   193.78   92.26
 219659.000  1037.664   144.55  100.60
 220034.025  1060.927    62.04  111.43
 220409.060  1043.589   -46.24  102.01
 220784.104  1015.389   -75.20   81.07
 221159.158  1020.270    13.02   60.24
 221534.221  1029.645    25.00   63.79
 221909.293  1058.864    77.91   76.42
 222284.375  1092.363    89.32   82.06
 222659.466  1140.414   128.12  104.47
 223034.567  1218.984   209.49  138.80
 223409.677  1295.152   203.08  144.33
 223784.796  1387.289   245.65  132.26
 224159.925  1467.689   214.35   72.00
 224535.064  1502.023    91.54   40.36
 224910.211  1509.539    20.04   36.84
 225285.369  1519.520    26.61   48.06
 225660.535  1524.257    12.63   53.45
 226035.712  1551.968    73.87   58.51
 226410.897  1599.114   125.68   62.99
 226786.092  1643.584   118.54   69.21
 227161.297  1693.189   132.23   69.77
 227536.511  1747.927   145.91   68.21
 227911.735  1791.254   115.48   62.19
 228286.967  1844.608   142.21   57.88
 228662.210  1873.209    76.23   46.95
 229037.462  1879.014    15.47   41.02
 229412.723  1847.089   -85.09   57.26
 229787.994  1805.671  -110.38   62.85
 230163.274  1742.114  -169.38   95.28
 230538.564  1656.312  -228.66  119.78
 230913.863  1578.514  -207.32  123.42
 231289.172  1550.671   -74.20  123.32
 231664.490  1562.096    30.45  136.22
 232039.818  1605.901   116.73  139.14
 232415.155  1676.863   189.09  107.36
 232790.502  1701.164    64.75   84.83
 233165.858  1715.914    39.30   88.67
 233541.224  1742.389    70.54   86.61
 233916.599  1773.039    81.66   85.45
 234291.984  1803.363    80.79   80.80
 234667.378  1841.336   101.17   73.11
 235042.782  1868.611    72.66   60.88
 235418.195  1883.439    39.50   43.06
 235793.618  1874.364   -24.17   36.79
 236169.051  1849.339   -66.67   57.34
 236544.492  1795.339  -143.85   97.08
 236919.944  1730.284  -173.30  131.00
 237295.405  1634.627  -254.81  151.29
 237670.875  1552.953  -217.56  139.80
 238046.355  1517.543   -94.32  124.38
 238421.845  1495.764   -58.01  112.92
 238797.344  1509.286    36.02  119.56
 239172.852  1521.579    32.74  119.68
 239548.370  1531.030    25.17  110.74
 239923.898  1606.464   200.90  140.47
 240299.435  1679.004   193.19  129.95
 240674.982  1673.218   -15.41  118.80
 241050.538  1622.839  -134.17  148.70
 241426.104  1512.194  -294.65  125.48
 241801.679  1424.286  -234.10   79.32
 242177.264  1379.189  -120.09   51.39
 242552.859  1362.489   -44.47   49.73
 242928.463  1358.014   -11.92   52.36
 243304.076  1369.789    31.35   61.93
 243679.700  1417.799   127.83   98.61
 244055.332  1500.092   219.11  139.87
 244430.975  1557.964   154.08  131.47
 244806.627  1585.145    72.37  105.53
 245182.288  1551.139   -90.54  112.20
 245557.959  1500.679  -134.34   98.80
