#   10.718   0.032   0.739 ;Mean Elev.(m), Avg Gradient(m/km), RMS Gradient(m/km) - SRTM1     
#   21.190   0.543   2.259 ;Mean Elev.(m), Avg Gradient(m/km), RMS Gradient(m/km) - ASTER GDEM
#   10.615  -0.016   0.946 ;Mean Elev.(m), Avg Gradient(m/km), RMS Gradient(m/km) - GMTED2010 
  8    11.909 52481.82502165 45.09  35.819115 -18.111349 20.464
  8    12.012 52481.82502230 50.51  35.818335 -18.108046 22.499
  8    12.036 52481.82502294 48.40  35.817555 -18.104756 22.499
  8    12.020 52481.82502359 47.13  35.816775 -18.101456 22.499
  8    12.066 52481.82502423 43.44  35.816005 -18.098166 22.499
  8    12.060 52481.82502488 38.87  35.815225 -18.094866 22.499
 10    12.059 52551.82502336 17.83  35.819938 -18.111691 19.004
 10    12.093 52551.82502400 23.72  35.819160 -18.108389 16.167
 10    12.221 52551.82502465 32.14  35.818390 -18.105099 16.167
 10    12.203 52551.82502529 38.66  35.817610 -18.101799 16.167
 10    12.129 52551.82502594 37.55  35.816830 -18.098509 16.167
 10    12.256 52551.82502658 30.69  35.816050 -18.095209 16.167
 11    11.677 52586.82499746 52.23  35.830099 -18.115748 39.842
 11    11.748 52586.82499810 46.74  35.829319 -18.112448 39.842
 12    12.007 52621.82496941 39.41  35.821355 -18.111878 25.448
 12    12.074 52621.82497135 47.83  35.819015 -18.101998 25.448
 12    12.054 52621.82497199 41.17  35.818245 -18.098698 25.448
 13    13.195 52656.82497300 37.03  35.828760 -18.113881 27.627
 13    13.223 52656.82497365 35.46  35.827980 -18.110591 27.627
 17    12.210 52796.82497594 42.71  35.833450 -18.116835 29.162
 17    12.218 52796.82497658 39.86  35.832670 -18.113545 29.162
 18    12.463 52831.82504631 44.00  35.833390 -18.117103 28.045
 18    12.346 52831.82504695 42.74  35.832610 -18.113813 28.045
 19    12.282 52866.82508896 42.13  35.834711 -18.119382 42.289
 19    12.279 52866.82508960 41.48  35.833941 -18.116092 42.289
 19    12.182 52866.82509025 41.73  35.833161 -18.112792 42.289
 20    11.109 52901.82511417 24.63  35.822686 -18.114754 21.455
 20    11.578 52901.82511482 25.95  35.821906 -18.111464 21.455
 20    11.990 52901.82511675 42.98  35.819576 -18.101574 21.455
 21    12.656 52936.82505477 44.00  35.820255 -18.112061 25.738
 21    12.814 52936.82505541 45.39  35.819475 -18.108761 25.738
 21    12.651 52936.82505606 42.45  35.818695 -18.105471 25.738
 21    12.707 52936.82505670 49.79  35.817925 -18.102171 25.738
 21    12.810 52936.82505735 44.75  35.817145 -18.098881 25.738
 21    12.785 52936.82505799 41.68  35.816365 -18.095581 25.738
 23    13.033 53006.82509386 35.34  35.817954 -18.111963 23.168
 23    13.119 53006.82509450 42.06  35.817174 -18.108663 23.168
 23    13.360 53006.82509644 48.32  35.814844 -18.098783 23.168
 23    13.325 53006.82509708 43.77  35.814064 -18.095483 23.168
 25    14.100 53076.82508036 45.42  35.819123 -18.112560 28.588
 25    14.131 53076.82508101 51.85  35.818343 -18.109260 28.588
 25    14.260 53076.82508165 50.90  35.817563 -18.105970 28.588
 25    14.342 53076.82508230 51.04  35.816793 -18.102670 28.588
 25    14.272 53076.82508294 50.12  35.816013 -18.099380 28.588
 25    14.164 53076.82508359 45.19  35.815233 -18.096080 28.588
 26    13.043 53111.82505051 42.58  35.819904 -18.112573 22.381
 26    13.194 53111.82505115 48.77  35.819124 -18.109283 22.381
 26    13.325 53111.82505180 47.60  35.818346 -18.105982 15.487
 26    13.173 53111.82505244 45.89  35.817576 -18.102692 15.487
 26    13.281 53111.82505309 45.75  35.816796 -18.099392 15.487
 26    13.207 53111.82505373 41.64  35.816016 -18.096102 15.487
 27    12.916 53146.82509433 44.51  35.820893 -18.112402 27.064
 27    13.220 53146.82509562 48.02  35.819343 -18.105812 27.064
 27    13.024 53146.82509626 46.13  35.818563 -18.102522 27.064
 27    13.104 53146.82509691 46.02  35.817783 -18.099222 27.064
 27    12.964 53146.82509755 40.85  35.817003 -18.095932 27.064
 28    12.596 53181.82509840 52.02  35.829318 -18.115195 30.811
 28    12.693 53181.82509905 50.29  35.828538 -18.111905 30.811
 30    12.676 53251.82510073 34.83  35.818217 -18.111698 18.144
 30    12.886 53251.82510137 46.32  35.817447 -18.108408 18.144
 30    12.864 53251.82510202 47.53  35.816667 -18.105108 18.144
 30    12.912 53251.82510266 48.75  35.815887 -18.101818 18.144
 30    12.870 53251.82510331 47.88  35.815113 -18.098513 11.660
 30    12.984 53251.82510395 41.34  35.814333 -18.095223 11.660
 31    12.612 53286.82509619 41.09  35.819521 -18.112580 25.245
 31    12.798 53286.82509684 48.79  35.818751 -18.109290 25.245
 31    12.737 53286.82509748 48.37  35.817971 -18.105990 25.245
 31    12.745 53286.82509812 45.74  35.817191 -18.102700 25.245
 31    12.865 53286.82509877 46.22  35.816411 -18.099400 25.245
 31    12.924 53286.82509941 40.59  35.815631 -18.096110 25.245
 32    12.277 53321.82507105 45.72  35.833601 -18.117022 27.309
 32    12.347 53321.82507169 41.44  35.832821 -18.113722 27.309
 33    13.321 53356.82503923 49.86  35.829250 -18.115250 29.290
 33    13.426 53356.82503987 48.56  35.828470 -18.111960 29.290
 37    12.610 53496.82514264 47.44  35.813214 -18.097558 25.578
 37    12.736 53496.82514328 44.53  35.812434 -18.094268 25.578
 38    12.148 53531.82511854 48.27  35.828317 -18.114994 30.614
 38    12.246 53531.82511918 47.43  35.827537 -18.111694 30.614
 39    12.684 53566.82514529 46.52  35.813610 -18.098084 26.059
 39    12.831 53566.82514593 45.94  35.812830 -18.094794 26.059
 41    12.080 53636.82508358 38.92  35.822290 -18.114209 26.461
 41    12.412 53636.82508551 43.14  35.819960 -18.104319 26.461
 41    12.556 53636.82508616 44.58  35.819180 -18.101029 26.461
 42    12.372 53671.82510503 49.17  35.818478 -18.110740 25.669
 42    12.589 53671.82510568 49.62  35.817708 -18.107450 25.669
 42    12.442 53671.82510632 43.93  35.816928 -18.104150 25.669
 42    12.564 53671.82510697 43.20  35.816148 -18.100860 25.669
 42    12.697 53671.82510761 41.98  35.815368 -18.097560 25.669
 42    12.783 53671.82510826 39.84  35.814588 -18.094270 25.669
 43    12.257 53706.82503598 43.75  35.829839 -18.114260 34.706
 43    12.322 53706.82503663 38.93  35.829059 -18.110970 34.706
 45    13.526 53776.82497221 39.72  35.830797 -18.115972 29.877
 45    13.635 53776.82497285 37.72  35.830017 -18.112682 29.877
 49    13.283 53916.82508831 48.45  35.812753 -18.097577 22.967
 49    13.410 53916.82508896 46.75  35.811973 -18.094277 22.967
 53    13.035 54056.82505883 46.83  35.833643 -18.117329 22.069
 53    13.138 54056.82505948 47.04  35.832863 -18.114039 22.069
 64    12.732 54441.82493878 47.72  35.828447 -18.114597 40.753
 64    12.848 54441.82493942 49.49  35.827677 -18.111295 18.029
 72    13.043 54721.82493042 23.16  35.827977 -18.114623 16.901
 72    12.684 54721.82493107 22.30  35.827197 -18.111323 16.901
 80    12.937 55001.82496946 43.02  35.821971 -18.114306 22.520
 80    13.027 55001.82497139 46.76  35.819631 -18.104416 22.520
 80    13.122 55001.82497204 46.47  35.818851 -18.101126 22.520
 80    13.201 55001.82497268 44.80  35.818081 -18.097826 22.520
 85    12.610 55176.82485713 29.69  35.828342 -18.114518 20.463
 85    12.782 55176.82485777 34.60  35.827562 -18.111218 20.463
