-327997.003   -10.615     0.00    0.00
-327621.953   -10.615     0.00    0.00
-327246.913   -10.615     0.00    0.00
-326871.885   -10.615     0.00    0.00
-326496.869   -10.615     0.00    0.00
-326121.864   -10.615     0.00    0.00
-325746.870   -10.615     0.00    0.00
-325371.888   -10.615     0.00    0.00
-324996.917   -10.615     0.00    0.00
-324621.957   -10.615     0.00    0.00
-324247.009   -10.615     0.00    0.00
-323872.072   -10.615     0.00    0.00
-323497.147   -10.615     0.00    0.00
-323122.232   -10.615     0.00    0.00
-322747.330   -10.615     0.00    0.00
-322372.438   -10.615     0.00    0.00
-321997.558   -10.615     0.00    0.00
-321622.689   -10.615     0.00    0.00
-321247.832   -10.615     0.00    0.00
-320872.986   -10.615     0.00    0.00
-320498.151   -10.615     0.00    0.00
-320123.328   -10.615     0.00    0.00
-319748.516   -10.615     0.00    0.00
-319373.715   -10.615     0.00    0.00
-318998.926   -10.615     0.00    0.00
-318624.148   -10.615     0.00    0.00
-318249.381   -10.615     0.00    0.00
-317874.625   -10.615     0.00    0.00
-317499.881   -10.615     0.00    0.00
-317125.149   -10.615     0.00    0.00
-316750.427   -10.615     0.00    0.00
-316375.717   -10.615     0.00    0.00
-316001.018   -10.615     0.00    0.00
-315626.330   -10.615     0.00    0.00
-315251.654   -10.615     0.00    0.00
-314876.989   -10.615     0.00    0.00
-314502.336   -10.615     0.00    0.00
-314127.693   -10.615     0.00    0.00
-313753.062   -10.615     0.00    0.00
-313378.442   -10.615     0.00    0.00
-313003.834   -10.615     0.00    0.00
-312629.237   -10.615     0.00    0.00
-312254.651   -10.615     0.00    0.00
-311880.076   -10.615     0.00    0.00
-311503.790   -10.615     0.00    0.00
-311126.965   -10.615     0.00    0.00
-310750.151   -10.615     0.00    0.00
-310373.348   -10.615     0.00    0.00
-309996.557   -10.615     0.00    0.00
-309619.777   -10.615     0.00    0.00
-309243.008   -10.615     0.00    0.00
-308866.251   -10.615     0.00    0.00
-308489.505   -10.615     0.00    0.00
-308112.771   -10.615     0.00    0.00
-307736.048   -10.615     0.00    0.00
-307359.337   -10.615     0.00    0.00
-306982.636   -10.615     0.00    0.00
-306605.948   -10.615     0.00    0.00
-306229.270   -10.615     0.00    0.00
-305852.604   -10.615     0.00    0.00
-305475.949   -10.615     0.00    0.00
-305099.306   -10.615     0.00    0.00
-304722.674   -10.615     0.00    0.00
-304346.054   -10.615     0.00    0.00
-303969.444   -10.615     0.00    0.00
-303592.847   -10.615     0.00    0.00
-303216.260   -10.615     0.00    0.00
-302839.685   -10.615     0.00    0.00
-302463.121   -10.615     0.00    0.00
-302086.569   -10.615     0.00    0.00
-301710.028   -10.615     0.00    0.00
-301333.498   -10.615     0.00    0.00
-300956.979   -10.615     0.00    0.00
-300580.472   -10.615     0.00    0.00
-300203.977   -10.615     0.00    0.00
-299827.492   -10.615     0.00    0.00
-299451.019   -10.615     0.00    0.00
-299074.557   -10.615     0.00    0.00
-298698.107   -10.615     0.00    0.00
-298321.668   -10.615     0.00    0.00
-297945.240   -10.615     0.00    0.00
-297568.823   -10.615     0.00    0.00
-297192.418   -10.615     0.00    0.00
-296816.024   -10.615     0.00    0.00
-296439.642   -10.615     0.00    0.00
-296063.271   -10.615     0.00    0.00
-295686.911   -10.615     0.00    0.00
-295310.562   -10.615     0.00    0.00
-294934.225   -10.615     0.00    0.00
-294557.898   -10.615     0.00    0.00
-294181.584   -10.615     0.00    0.00
-293805.280   -10.615     0.00    0.00
-293428.988   -10.615     0.00    0.00
-293052.707   -10.615     0.00    0.00
-292676.437   -10.615     0.00    0.00
-292300.179   -10.615     0.00    0.00
-291923.932   -10.615     0.00    0.00
-291547.696   -10.615     0.00    0.00
-291171.471   -10.615     0.00    0.00
-290795.258   -10.615     0.00    0.00
-290419.056   -10.615     0.00    0.00
-290042.865   -10.615     0.00    0.00
-289666.685   -10.615     0.00    0.00
-289290.517   -10.615     0.00    0.00
-288914.360   -10.615     0.00    0.00
-288538.214   -10.615     0.00    0.00
-288162.080   -10.615     0.00    0.00
-287785.956   -10.615     0.00    0.00
-287409.844   -10.615     0.00    0.00
-287033.743   -10.615     0.00    0.00
-286657.654   -10.615     0.00    0.00
-286281.575   -10.615     0.00    0.00
-285905.508   -10.615     0.00    0.00
-285529.452   -10.615     0.00    0.00
-285153.407   -10.615     0.00    0.00
-284777.374   -10.615     0.00    0.00
-284401.352   -10.615     0.00    0.00
-284025.341   -10.615     0.00    0.00
-283649.341   -10.615     0.00    0.00
-283273.352   -10.615     0.00    0.00
-282897.374   -10.615     0.00    0.00
-282521.408   -10.615     0.00    0.00
-282145.453   -10.615     0.00    0.00
-281769.509   -10.615     0.00    0.00
-281393.577   -10.615     0.00    0.00
-281017.655   -10.615     0.00    0.00
-280641.745   -10.615     0.00    0.00
-280265.846   -10.615     0.00    0.00
-279889.958   -10.615     0.00    0.00
-279514.081   -10.615     0.00    0.00
-279138.215   -10.615     0.00    0.00
-278762.361   -10.615     0.00    0.00
-278386.518   -10.615     0.00    0.00
-278010.686   -10.615     0.00    0.00
-277634.865   -10.615     0.00    0.00
-277259.055   -10.615     0.00    0.00
-276883.256   -10.615     0.00    0.00
-276507.469   -10.615     0.00    0.00
-276131.693   -10.615     0.00    0.00
-275755.927   -10.615     0.00    0.00
-275380.173   -10.615     0.00    0.00
-275004.431   -10.615     0.00    0.00
-274628.699   -10.615     0.00    0.00
-274252.978   -10.615     0.00    0.00
-273877.269   -10.615     0.00    0.00
-273501.571   -10.615     0.00    0.00
-273125.883   -10.615     0.00    0.00
-272750.207   -10.615     0.00    0.00
-272374.542   -10.615     0.00    0.00
-271998.889   -10.615     0.00    0.00
-271623.246   -10.615     0.00    0.00
-271247.614   -10.615     0.00    0.00
-270871.994   -10.615     0.00    0.00
-270496.385   -10.615     0.00    0.00
-270120.786   -10.615     0.00    0.00
-269745.199   -10.615     0.00    0.00
-269369.623   -10.615     0.00    0.00
-268994.058   -10.615     0.00    0.00
-268618.505   -10.615     0.00    0.00
-268242.962   -10.615     0.00    0.00
-267867.430   -10.615     0.00    0.00
-267491.910   -10.615     0.00    0.00
-267116.400   -10.615     0.00    0.00
-266740.902   -10.615     0.00    0.00
-266365.415   -10.615     0.00    0.00
-265989.938   -10.615     0.00    0.00
-265614.473   -10.615     0.00    0.00
-265239.019   -10.615     0.00    0.00
-264863.576   -10.615     0.00    0.00
-264488.144   -10.615     0.00    0.00
-264112.723   -10.615     0.00    0.00
-263737.314   -10.615     0.00    0.00
-263361.915   -10.615     0.00    0.00
-262986.527   -10.615     0.00    0.00
-262611.151   -10.615     0.00    0.00
-262235.785   -10.615     0.00    0.00
-261860.431   -10.615     0.00    0.00
-261485.087   -10.615     0.00    0.00
-261109.755   -10.615     0.00    0.00
-260734.433   -10.615     0.00    0.00
-260359.123   -10.615     0.00    0.00
-259983.823   -10.615     0.00    0.00
-259608.535   -10.615     0.00    0.00
-259233.258   -10.615     0.00    0.00
-258857.992   -10.615     0.00    0.00
-258482.736   -10.615     0.00    0.00
-258107.492   -10.615     0.00    0.00
-257732.259   -10.615     0.00    0.00
-257357.037   -10.615     0.00    0.00
-256981.826   -10.615     0.00    0.00
-256606.626   -10.615     0.00    0.00
-256231.436   -10.615     0.00    0.00
-255856.258   -10.615     0.00    0.00
-255481.091   -10.615     0.00    0.00
-255105.935   -10.615     0.00    0.00
-254730.790   -10.615     0.00    0.00
-254355.656   -10.615     0.00    0.00
-253980.533   -10.615     0.00    0.00
-253605.420   -10.615     0.00    0.00
-253230.319   -10.615     0.00    0.00
-252855.229   -10.615     0.00    0.00
-252480.150   -10.615     0.00    0.00
-252105.081   -10.615     0.00    0.00
-251730.024   -10.615     0.00    0.00
-251354.978   -10.615     0.00    0.00
-250979.943   -10.615     0.00    0.00
-250604.918   -10.615     0.00    0.00
-250229.905   -10.615     0.00    0.00
-249854.902   -10.615     0.00    0.00
-249479.911   -10.615     0.00    0.00
-249104.930   -10.615     0.00    0.00
-248729.961   -10.615     0.00    0.00
-248355.002   -10.615     0.00    0.00
-247980.054   -10.615     0.00    0.00
-247605.118   -10.615     0.00    0.00
-247230.192   -10.615     0.00    0.00
-246855.277   -10.615     0.00    0.00
-246480.373   -10.615     0.00    0.00
-246105.480   -10.615     0.00    0.00
-245730.598   -10.615     0.00    0.00
-245355.727   -10.615     0.00    0.00
-244980.866   -10.615     0.00    0.00
-244606.017   -10.615     0.00    0.00
-244231.179   -10.615     0.00    0.00
-243856.351   -10.615     0.00    0.00
-243481.535   -10.615     0.00    0.00
-243106.729   -10.615     0.00    0.00
-242731.934   -10.615     0.00    0.00
-242357.150   -10.615     0.00    0.00
-241982.378   -10.615     0.00    0.00
-241607.616   -10.615     0.00    0.00
-241232.864   -10.615     0.00    0.00
-240858.124   -10.615     0.00    0.00
-240483.395   -10.615     0.00    0.00
-240108.676   -10.615     0.00    0.00
-239733.969   -10.615     0.00    0.00
-239359.272   -10.615     0.00    0.00
-238984.586   -10.615     0.00    0.00
-238609.911   -10.615     0.00    0.00
-238235.247   -10.615     0.00    0.00
-237860.594   -10.615     0.00    0.00
-237485.952   -10.615     0.00    0.00
-237111.320   -10.615     0.00    0.00
-236736.280   -10.615     0.00    0.00
-236359.485   -10.615     0.00    0.00
-235982.701   -10.615     0.00    0.00
-235605.929   -10.615     0.00    0.00
-235229.167   -10.615     0.00    0.00
-234852.416   -10.615     0.00    0.00
-234475.676   -10.615     0.00    0.00
-234098.947   -10.615     0.00    0.00
-233722.229   -10.615     0.00    0.00
-233345.522   -10.615     0.00    0.00
-232968.826   -10.615     0.00    0.00
-232592.141   -10.615     0.00    0.00
-232215.467   -10.615     0.00    0.00
-231838.804   -10.615     0.00    0.00
-231462.152   -10.615     0.00    0.00
-231085.511   -10.615     0.00    0.00
-230708.881   -10.615     0.00    0.00
-230332.262   -10.615     0.00    0.00
-229955.653   -10.615     0.00    0.00
-229579.056   -10.615     0.00    0.00
-229202.469   -10.615     0.00    0.00
-228825.894   -10.615     0.00    0.00
-228449.330   -10.615     0.00    0.00
-228072.776   -10.615     0.00    0.00
-227696.233   -10.615     0.00    0.00
-227319.702   -10.615     0.00    0.00
-226943.181   -10.615     0.00    0.00
-226566.671   -10.615     0.00    0.00
-226190.172   -10.615     0.00    0.00
-225813.684   -10.615     0.00    0.00
-225437.207   -10.615     0.00    0.00
-225060.741   -10.615     0.00    0.00
-224684.285   -10.615     0.00    0.00
-224307.841   -10.615     0.00    0.00
-223931.407   -10.615     0.00    0.00
-223554.985   -10.615     0.00    0.00
-223178.573   -10.615     0.00    0.00
-222802.172   -10.615     0.00    0.00
-222425.782   -10.615     0.00    0.00
-222049.403   -10.615     0.00    0.00
-221673.035   -10.615     0.00    0.00
-221296.678   -10.615     0.00    0.00
-220920.332   -10.615     0.00    0.00
-220543.996   -10.615     0.00    0.00
-220167.672   -10.615     0.00    0.00
-219791.358   -10.615     0.00    0.00
-219415.055   -10.615     0.00    0.00
-219038.763   -10.615     0.00    0.00
-218662.482   -10.615     0.00    0.00
-218286.212   -10.615     0.00    0.00
-217909.953   -10.615     0.00    0.00
-217533.704   -10.615     0.00    0.00
-217157.466   -10.615     0.00    0.00
-216781.240   -10.615     0.00    0.00
-216405.024   -10.615     0.00    0.00
-216028.818   -10.615     0.00    0.00
-215652.624   -10.615     0.00    0.00
-215276.441   -10.615     0.00    0.00
-214900.268   -10.615     0.00    0.00
-214524.106   -10.615     0.00    0.00
-214147.956   -10.615     0.00    0.00
-213771.815   -10.615     0.00    0.00
-213395.686   -10.615     0.00    0.00
-213019.568   -10.615     0.00    0.00
-212643.460   -10.615     0.00    0.00
-212267.363   -10.615     0.00    0.00
-211891.277   -10.615     0.00    0.00
-211515.202   -10.615     0.00    0.00
-211139.138   -10.615     0.00    0.00
-210763.084   -10.615     0.00    0.00
-210387.042   -10.615     0.00    0.00
-210011.010   -10.615     0.00    0.00
-209634.989   -10.615     0.00    0.00
-209258.978   -10.615     0.00    0.00
-208882.979   -10.615     0.00    0.00
-208506.990   -10.615     0.00    0.00
-208131.012   -10.615     0.00    0.00
-207755.045   -10.615     0.00    0.00
-207379.089   -10.615     0.00    0.00
-207003.143   -10.615     0.00    0.00
-206627.208   -10.615     0.00    0.00
-206251.284   -10.615     0.00    0.00
-205875.371   -10.615     0.00    0.00
-205499.468   -10.615     0.00    0.00
-205123.577   -10.615     0.00    0.00
-204747.696   -10.615     0.00    0.00
-204371.826   -10.615     0.00    0.00
-203995.966   -10.615     0.00    0.00
-203620.117   -10.615     0.00    0.00
-203244.280   -10.615     0.00    0.00
-202868.452   -10.615     0.00    0.00
-202492.636   -10.615     0.00    0.00
-202116.830   -10.615     0.00    0.00
-201741.035   -10.615     0.00    0.00
-201365.251   -10.615     0.00    0.00
-200989.478   -10.615     0.00    0.00
-200613.715   -10.615     0.00    0.00
-200237.963   -10.615     0.00    0.00
-199862.222   -10.615     0.00    0.00
-199486.491   -10.615     0.00    0.00
-199110.772   -10.615     0.00    0.00
-198735.062   -10.615     0.00    0.00
-198359.364   -10.615     0.00    0.00
-197983.676   -10.615     0.00    0.00
-197608.000   -10.615     0.00    0.00
-197232.333   -10.615     0.00    0.00
-196856.678   -10.615     0.00    0.00
-196481.033   -10.615     0.00    0.00
-196105.399   -10.615     0.00    0.00
-195729.776   -10.615     0.00    0.00
-195354.163   -10.615     0.00    0.00
-194978.561   -10.615     0.00    0.00
-194602.970   -10.615     0.00    0.00
-194227.389   -10.615     0.00    0.00
-193851.819   -10.615     0.00    0.00
-193476.260   -10.615     0.00    0.00
-193100.711   -10.615     0.00    0.00
-192725.173   -10.615     0.00    0.00
-192349.646   -10.615     0.00    0.00
-191974.130   -10.615     0.00    0.00
-191598.624   -10.615     0.00    0.00
-191223.129   -10.615     0.00    0.00
-190847.644   -10.615     0.00    0.00
-190472.170   -10.615     0.00    0.00
-190096.707   -10.615     0.00    0.00
-189721.255   -10.615     0.00    0.00
-189345.813   -10.615     0.00    0.00
-188970.381   -10.615     0.00    0.00
-188594.961   -10.615     0.00    0.00
-188219.551   -10.615     0.00    0.00
-187844.152   -10.615     0.00    0.00
-187468.763   -10.615     0.00    0.00
-187093.385   -10.615     0.00    0.00
-186718.018   -10.615     0.00    0.00
-186342.661   -10.615     0.00    0.00
-185967.315   -10.615     0.00    0.00
-185591.979   -10.615     0.00    0.00
-185216.654   -10.615     0.00    0.00
-184841.340   -10.615     0.00    0.00
-184466.037   -10.615     0.00    0.00
-184090.744   -10.615     0.00    0.00
-183715.461   -10.615     0.00    0.00
-183340.189   -10.615     0.00    0.00
-182964.928   -10.615     0.00    0.00
-182589.678   -10.615     0.00    0.00
-182214.438   -10.615     0.00    0.00
-181839.208   -10.615     0.00    0.00
-181463.990   -10.615     0.00    0.00
-181088.781   -10.615     0.00    0.00
-180713.584   -10.615     0.00    0.00
-180338.397   -10.615     0.00    0.00
-179963.221   -10.615     0.00    0.00
-179588.055   -10.615     0.00    0.00
-179212.900   -10.615     0.00    0.00
-178837.755   -10.615     0.00    0.00
-178462.621   -10.615     0.00    0.00
-178087.497   -10.615     0.00    0.00
-177712.384   -10.615     0.00    0.00
-177337.282   -10.615     0.00    0.00
-176962.190   -10.615     0.00    0.00
-176587.109   -10.615     0.00    0.00
-176212.038   -10.615     0.00    0.00
-175836.978   -10.615     0.00    0.00
-175461.929   -10.615     0.00    0.00
-175086.890   -10.615     0.00    0.00
-174711.861   -10.615     0.00    0.00
-174336.844   -10.615     0.00    0.00
-173961.836   -10.615     0.00    0.00
-173586.839   -10.615     0.00    0.00
-173211.853   -10.615     0.00    0.00
-172836.877   -10.615     0.00    0.00
-172461.912   -10.615     0.00    0.00
-172086.958   -10.615     0.00    0.00
-171712.013   -10.615     0.00    0.00
-171337.080   -10.615     0.00    0.00
-170962.157   -10.615     0.00    0.00
-170587.244   -10.615     0.00    0.00
-170212.342   -10.615     0.00    0.00
-169837.451   -10.615     0.00    0.00
-169462.570   -10.615     0.00    0.00
-169087.699   -10.615     0.00    0.00
-168712.839   -10.615     0.00    0.00
-168337.990   -10.615     0.00    0.00
-167963.151   -10.615     0.00    0.00
-167588.322   -10.615     0.00    0.00
-167213.504   -10.615     0.00    0.00
-166838.697   -10.615     0.00    0.00
-166463.900   -10.615     0.00    0.00
-166089.113   -10.615     0.00    0.00
-165714.337   -10.615     0.00    0.00
-165339.572   -10.615     0.00    0.00
-164964.817   -10.615     0.00    0.00
-164590.072   -10.615     0.00    0.00
-164215.338   -10.615     0.00    0.00
-163840.614   -10.615     0.00    0.00
-163465.901   -10.615     0.00    0.00
-163091.199   -10.615     0.00    0.00
-162716.506   -10.615     0.00    0.00
-162341.825   -10.615     0.00    0.00
-161967.153   -10.615     0.00    0.00
-161591.179   -10.615     0.00    0.00
-161214.419   -10.615     0.00    0.00
-160837.670   -10.615     0.00    0.00
-160460.932   -10.615     0.00    0.00
-160084.204   -10.615     0.00    0.00
-159707.487   -10.615     0.00    0.00
-159330.780   -10.615     0.00    0.00
-158954.084   -10.615     0.00    0.00
-158577.399   -10.615     0.00    0.00
-158200.724   -10.615     0.00    0.00
-157824.059   -10.615     0.00    0.00
-157447.405   -10.615     0.00    0.00
-157070.762   -10.615     0.00    0.00
-156694.129   -10.615     0.00    0.00
-156317.507   -10.615     0.00    0.00
-155940.895   -10.615     0.00    0.00
-155564.294   -10.615     0.00    0.00
-155187.704   -10.615     0.00    0.00
-154811.124   -10.615     0.00    0.00
-154434.554   -10.615     0.00    0.00
-154057.995   -10.615     0.00    0.00
-153681.446   -10.615     0.00    0.00
-153304.909   -10.615     0.00    0.00
-152928.381   -10.615     0.00    0.00
-152551.864   -10.615     0.00    0.00
-152175.358   -10.615     0.00    0.00
-151798.862   -10.615     0.00    0.00
-151422.376   -10.615     0.00    0.00
-151045.902   -10.615     0.00    0.00
-150669.437   -10.615     0.00    0.00
-150292.983   -10.615     0.00    0.00
-149916.540   -10.615     0.00    0.00
-149540.107   -10.615     0.00    0.00
-149163.685   -10.615     0.00    0.00
-148787.273   -10.615     0.00    0.00
-148410.871   -10.615     0.00    0.00
-148034.481   -10.615     0.00    0.00
-147658.100   -10.615     0.00    0.00
-147281.730   -10.615     0.00    0.00
-146905.371   -10.615     0.00    0.00
-146529.022   -10.615     0.00    0.00
-146152.683   -10.615     0.00    0.00
-145776.355   -10.615     0.00    0.00
-145400.038   -10.615     0.00    0.00
-145023.730   -10.615     0.00    0.00
-144647.434   -10.615     0.00    0.00
-144271.148   -10.615     0.00    0.00
-143894.872   -10.615     0.00    0.00
-143518.607   -10.615     0.00    0.00
-143142.352   -10.615     0.00    0.00
-142766.107   -10.615     0.00    0.00
-142389.873   -10.615     0.00    0.00
-142013.650   -10.615     0.00    0.00
-141637.437   -10.615     0.00    0.00
-141261.234   -10.615     0.00    0.00
-140885.042   -10.615     0.00    0.00
-140508.860   -10.615     0.00    0.00
-140132.689   -10.615     0.00    0.00
-139756.528   -10.615     0.00    0.00
-139380.378   -10.615     0.00    0.00
-139004.238   -10.615     0.00    0.00
-138628.108   -10.615     0.00    0.00
-138251.989   -10.615     0.00    0.00
-137875.880   -10.615     0.00    0.00
-137499.782   -10.615     0.00    0.00
-137123.694   -10.615     0.00    0.00
-136747.616   -10.615     0.00    0.00
-136371.549   -10.615     0.00    0.00
-135995.492   -10.615     0.00    0.00
-135619.446   -10.615     0.00    0.00
-135243.410   -10.615     0.00    0.00
-134867.384   -10.615     0.00    0.00
-134491.369   -10.615     0.00    0.00
-134115.364   -10.615     0.00    0.00
-133739.370   -10.615     0.00    0.00
-133363.386   -10.615     0.00    0.00
-132987.412   -10.615     0.00    0.00
-132611.449   -10.615     0.00    0.00
-132235.496   -10.615     0.00    0.00
-131859.554   -10.615     0.00    0.00
-131483.621   -10.615     0.00    0.00
-131107.700   -10.615     0.00    0.00
-130731.788   -10.615     0.00    0.00
-130355.887   -10.615     0.00    0.00
-129979.996   -10.615     0.00    0.00
-129604.116   -10.615     0.00    0.00
-129228.246   -10.615     0.00    0.00
-128852.386   -10.615     0.00    0.00
-128476.537   -10.615     0.00    0.00
-128100.698   -10.615     0.00    0.00
-127724.870   -10.615     0.00    0.00
-127349.051   -10.615     0.00    0.00
-126973.243   -10.615     0.00    0.00
-126597.446   -10.615     0.00    0.00
-126221.659   -10.615     0.00    0.00
-125845.882   -10.615     0.00    0.00
-125470.115   -10.615     0.00    0.00
-125094.359   -10.615     0.00    0.00
-124718.613   -10.615     0.00    0.00
-124342.877   -10.615     0.00    0.00
-123967.152   -10.615     0.00    0.00
-123591.437   -10.615     0.00    0.00
-123215.732   -10.615     0.00    0.00
-122840.038   -10.615     0.00    0.00
-122464.354   -10.615     0.00    0.00
-122088.680   -10.615     0.00    0.00
-121713.017   -10.615     0.00    0.00
-121337.363   -10.615     0.00    0.00
-120961.721   -10.615     0.00    0.00
-120586.088   -10.615     0.00    0.00
-120210.466   -10.615     0.00    0.00
-119834.854   -10.615     0.00    0.00
-119459.252   -10.615     0.00    0.00
-119083.660   -10.615     0.00    0.00
-118708.079   -10.615     0.00    0.00
-118332.508   -10.615     0.00    0.00
-117956.948   -10.615     0.00    0.00
-117581.398   -10.615     0.00    0.00
-117205.857   -10.615     0.00    0.00
-116830.328   -10.615     0.00    0.00
-116454.808   -10.615     0.00    0.00
-116079.299   -10.615     0.00    0.00
-115703.800   -10.615     0.00    0.00
-115328.311   -10.615     0.00    0.00
-114952.833   -10.615     0.00    0.00
-114577.364   -10.615     0.00    0.00
-114201.906   -10.615     0.00    0.00
-113826.459   -10.615     0.00    0.00
-113451.021   -10.615     0.00    0.00
-113075.594   -10.615     0.00    0.00
-112700.177   -10.615     0.00    0.00
-112324.770   -10.615     0.00    0.00
-111949.373   -10.615     0.00    0.00
-111573.987   -10.615     0.00    0.00
-111198.611   -10.615     0.00    0.00
-110823.245   -10.615     0.00    0.00
-110447.889   -10.615     0.00    0.00
-110072.544   -10.615     0.00    0.00
-109697.209   -10.615     0.00    0.00
-109321.884   -10.615     0.00    0.00
-108946.569   -10.615     0.00    0.00
-108571.264   -10.615     0.00    0.00
-108195.970   -10.615     0.00    0.00
-107820.686   -10.615     0.00    0.00
-107445.412   -10.615     0.00    0.00
-107070.148   -10.615     0.00    0.00
-106694.894   -10.615     0.00    0.00
-106319.651   -10.615     0.00    0.00
-105944.418   -10.615     0.00    0.00
-105569.195   -10.615     0.00    0.00
-105193.982   -10.615     0.00    0.00
-104818.779   -10.615     0.00    0.00
-104443.587   -10.615     0.00    0.00
-104068.405   -10.615     0.00    0.00
-103693.233   -10.615     0.00    0.00
-103318.071   -10.615     0.00    0.00
-102942.919   -10.615     0.00    0.00
-102567.777   -10.615     0.00    0.00
-102192.646   -10.615     0.00    0.00
-101817.525   -10.615     0.00    0.00
-101442.413   -10.615     0.00    0.00
-101067.312   -10.615     0.00    0.00
-100692.222   -10.615     0.00    0.00
-100317.141   -10.615     0.00    0.00
 -99942.071   -10.615     0.00    0.00
 -99567.010   -10.615     0.00    0.00
 -99191.960   -10.615     0.00    0.00
 -98816.920   -10.615     0.00    0.00
 -98441.890   -10.615     0.00    0.00
 -98066.870   -10.615     0.00    0.00
 -97691.861   -10.615     0.00    0.00
 -97316.861   -10.615     0.00    0.00
 -96941.872   -10.615     0.00    0.00
 -96566.892   -10.615     0.00    0.00
 -96191.923   -10.615     0.00    0.00
 -95816.964   -10.615     0.00    0.00
 -95442.015   -10.615     0.00    0.00
 -95067.077   -10.615     0.00    0.00
 -94692.148   -10.615     0.00    0.00
 -94317.229   -10.615     0.00    0.00
 -93942.321   -10.340     0.73    1.22
 -93567.423    -9.165     3.13    2.33
 -93192.534    -7.915     3.33    2.46
 -92817.656    -6.465     3.87    2.05
 -92442.788    -6.254     0.56    1.61
 -92067.930    -5.274     2.62    2.29
 -91693.082    -4.897     1.00    2.67
 -91318.245    -6.190    -3.45    3.55
 -90943.417    -7.410    -3.25    3.67
 -90568.599    -9.103    -4.52    2.97
 -90193.792    -9.401    -0.80    2.78
 -89818.994    -7.721     4.48    4.27
 -89444.207    -5.565     5.75    5.02
 -89069.430    -2.949     6.98    4.80
 -88694.662    -2.396     1.48    4.40
 -88319.905    -2.473    -0.20    3.60
 -87945.158    -2.359     0.30    3.00
 -87570.421    -2.365    -0.02    2.58
 -87195.694    -2.065     0.80    2.30
 -86820.871    -1.762     0.81    2.07
 -86444.142    -1.667     0.25    2.45
 -86067.423    -2.718    -2.79    2.91
 -85690.714    -2.815    -0.26    2.93
 -85314.016    -2.564     0.67    2.77
 -84937.327    -2.465     0.26    2.68
 -84560.649    -2.231     0.62    2.78
 -84183.981    -2.205     0.07    3.02
 -83807.323    -0.890     3.49    4.28
 -83430.675     0.162     2.80    5.07
 -83054.037    -0.515    -1.80    4.97
 -82677.410    -1.590    -2.85    5.03
 -82300.793    -3.965    -6.31    4.06
 -81924.185    -5.051    -2.88    1.97
 -81547.588    -5.128    -0.20    1.79
 -81171.001    -4.115     2.69    2.27
 -80794.425    -2.154     5.21    4.04
 -80417.858    -1.615     1.43    4.82
 -80041.301    -1.290     0.86    5.26
 -79664.755    -2.256    -2.57    5.21
 -79288.219    -4.068    -4.81    3.98
 -78911.692    -4.487    -1.11    2.56
 -78535.176    -4.090     1.05    2.64
 -78158.670    -4.090     0.00    2.62
 -77782.175    -4.176    -0.23    2.65
 -77405.689    -4.901    -1.93    3.03
 -77029.213    -5.247    -0.92    3.15
 -76652.748    -5.115     0.35    3.35
 -76276.292    -5.215    -0.27    3.34
 -75899.847    -5.762    -1.45    2.53
 -75523.412    -6.240    -1.27    1.78
 -75146.987    -6.832    -1.57    1.32
 -74770.572    -7.194    -0.96    1.31
 -74394.167    -7.640    -1.19    1.23
 -74017.772    -7.690    -0.13    1.02
 -73641.387    -7.690     0.00    1.02
 -73265.012    -7.665     0.07    1.08
 -72888.648    -7.715    -0.13    1.03
 -72512.293    -7.536     0.48    1.30
 -72135.949    -7.542    -0.02    1.37
 -71759.614    -7.713    -0.45    1.18
 -71383.290    -7.897    -0.49    1.28
 -71006.976    -7.815     0.22    1.16
 -70630.671    -7.931    -0.31    1.23
 -70254.377    -8.006    -0.20    1.28
 -69878.093    -7.890     0.31    1.22
 -69501.819    -7.949    -0.16    1.06
 -69125.555    -7.790     0.42    1.13
 -68749.301    -7.692     0.26    1.01
 -68373.057    -7.925    -0.62    1.05
 -67996.823    -8.077    -0.40    1.14
 -67620.600    -8.103    -0.07    1.10
 -67244.386    -8.240    -0.37    1.00
 -66868.182    -8.128     0.30    1.19
 -66491.988    -7.965     0.43    1.10
 -66115.805    -7.893     0.19    1.26
 -65739.631    -8.115    -0.59    1.24
 -65363.467    -8.051     0.17    1.31
 -64987.314    -7.897     0.41    1.54
 -64611.170    -7.590     0.82    1.48
 -64235.037    -7.538     0.14    1.18
 -63858.913    -7.333     0.55    1.23
 -63482.800    -7.128     0.55    1.21
 -63106.696    -7.026     0.27    1.21
 -62730.603    -7.030    -0.01    1.20
 -62354.519    -7.065    -0.09    1.26
 -61978.446    -6.865     0.53    1.24
 -61602.382    -6.769     0.26    1.27
 -61226.329    -6.915    -0.39    1.30
 -60850.285    -6.932    -0.05    1.08
 -60474.252    -7.051    -0.32    1.14
 -60098.228    -6.990     0.16    1.19
 -59722.215    -7.168    -0.47    1.13
 -59346.211    -7.330    -0.43    1.15
 -58970.218    -7.256     0.19    1.20
 -58594.234    -7.440    -0.49    1.11
 -58218.261    -7.365     0.20    1.13
 -57842.297    -7.590    -0.60    1.09
 -57466.343    -7.591    -0.00    1.13
 -57090.400    -7.668    -0.20    0.90
 -56714.466    -7.518     0.40    0.92
 -56338.542    -7.615    -0.26    0.95
 -55962.628    -7.665    -0.13    0.88
 -55586.724    -7.765    -0.27    0.86
 -55210.831    -7.800    -0.09    0.93
 -54834.947    -7.436     0.97    1.41
 -54459.073    -7.410     0.07    1.59
 -54083.209    -7.641    -0.61    1.55
 -53707.355    -7.690    -0.13    1.46
 -53331.510    -7.615     0.20    1.49
 -52955.676    -7.590     0.07    1.12
 -52579.852    -7.487     0.27    1.17
 -52204.038    -7.205     0.75    1.46
 -51828.233    -6.884     0.86    1.94
 -51452.439    -6.513     0.99    2.05
 -51076.654    -6.103     1.09    1.86
 -50700.880    -5.333     2.05    1.93
 -50325.115    -5.176     0.42    1.86
 -49949.360    -5.026     0.40    2.01
 -49573.616    -5.436    -1.09    2.08
 -49197.881    -5.996    -1.49    1.91
 -48822.156    -6.247    -0.67    1.88
 -48446.440    -6.518    -0.72    1.62
 -48070.735    -6.667    -0.40    1.23
 -47695.040    -6.518     0.40    1.26
 -47319.355    -5.974     1.45    1.60
 -46943.679    -5.821     0.41    1.63
 -46568.014    -5.765     0.15    1.59
 -46192.358    -5.290     1.26    1.83
 -45816.712    -5.591    -0.80    1.80
 -45441.076    -5.385     0.55    1.93
 -45065.450    -4.740     1.72    2.04
 -44689.834    -4.231     1.36    2.30
 -44314.228    -4.010     0.59    1.95
 -43938.631    -4.490    -1.28    1.96
 -43563.045    -4.815    -0.87    1.74
 -43187.468    -4.667     0.40    1.67
 -42811.902    -3.811     2.28    1.69
 -42436.345    -3.352     1.22    1.52
 -42060.798    -2.957     1.05    1.73
 -41685.261    -3.051    -0.25    2.09
 -41309.733    -3.040     0.03    1.87
 -40934.216    -3.490    -1.20    1.96
 -40558.708    -3.440     0.13    1.97
 -40183.211    -3.353     0.23    1.71
 -39807.723    -3.852    -1.33    1.81
 -39432.245    -3.565     0.76    1.83
 -39056.777    -3.410     0.41    1.84
 -38681.318    -3.469    -0.16    1.77
 -38305.870    -3.590    -0.32    1.61
 -37930.431    -3.846    -0.68    1.61
 -37555.002    -3.908    -0.16    1.60
 -37179.583    -4.040    -0.35    1.39
 -36804.174    -4.103    -0.17    1.49
 -36428.775    -3.769     0.89    1.44
 -36053.385    -3.744     0.07    1.45
 -35678.006    -3.231     1.37    1.39
 -35302.636    -2.510     1.92    1.43
 -34927.276    -2.140     0.99    1.11
 -34551.926    -2.103     0.10    1.34
 -34176.585    -2.231    -0.34    1.65
 -33801.255    -2.884    -1.74    1.95
 -33425.934    -2.905    -0.06    2.01
 -33050.623    -3.006    -0.27    1.87
 -32675.322    -2.538     1.24    1.75
 -32300.031    -2.615    -0.20    1.68
 -31924.749    -2.490     0.33    2.02
 -31549.477    -2.690    -0.53    1.53
 -31174.215    -2.353     0.90    1.53
 -30798.963    -1.879     1.27    1.55
 -30423.721    -1.465     1.10    1.55
 -30048.488    -1.256     0.56    1.56
 -29673.265    -1.347    -0.24    1.60
 -29298.052    -1.390    -0.12    1.54
 -28922.849    -1.231     0.43    1.43
 -28547.655    -0.786     1.19    1.58
 -28172.472    -0.590     0.52    1.77
 -27797.298    -0.493     0.26    1.57
 -27422.134    -0.795    -0.80    1.79
 -27046.979    -0.564     0.62    1.75
 -26671.835    -0.282     0.75    2.26
 -26296.700    -0.352    -0.19    2.50
 -25921.575    -0.440    -0.24    2.27
 -25546.459    -0.315     0.33    2.22
 -25171.354    -0.410    -0.25    2.36
 -24796.258    -0.274     0.36    2.19
 -24421.172    -0.352    -0.21    2.26
 -24046.095    -0.006     0.92    1.76
 -23671.029    -0.256    -0.67    1.74
 -23295.972    -0.415    -0.42    1.91
 -22920.924    -0.365     0.13    1.85
 -22545.887    -0.282     0.22    2.09
 -22170.859    -0.068     0.57    1.88
 -21795.841    -0.036     0.08    1.70
 -21420.833    -0.347    -0.83    1.70
 -21045.835    -0.513    -0.44    1.39
 -20670.846    -0.713    -0.53    1.51
 -20295.867    -0.795    -0.22    1.30
 -19920.897    -0.256     1.44    1.61
 -19545.938     0.260     1.38    1.56
 -19170.988     0.641     1.02    1.55
 -18796.048     1.210     1.52    1.43
 -18421.117     1.744     1.42    1.56
 -18046.196     2.333     1.57    1.70
 -17671.285     2.564     0.62    1.65
 -17296.384     2.832     0.71    1.70
 -16921.492     2.310    -1.39    1.35
 -16546.610     2.308    -0.01    1.06
 -16171.738     2.103    -0.55    1.07
 -15796.875     2.287     0.49    1.37
 -15422.022     2.487     0.53    1.41
 -15047.179     2.726     0.64    1.39
 -14672.346     2.648    -0.21    1.48
 -14297.522     2.932     0.76    1.42
 -13922.707     3.026     0.25    1.42
 -13547.903     3.641     1.64    1.55
 -13173.108     3.710     0.18    1.49
 -12798.323     3.821     0.30    1.60
 -12423.547     3.799    -0.06    1.69
 -12048.782     3.543    -0.69    1.84
 -11673.093     3.750     0.55    2.01
 -11296.395     3.795     0.12    1.92
 -10919.708     3.985     0.50    1.97
 -10543.030     4.085     0.27    2.00
 -10166.361     3.564    -1.38    1.70
  -9789.703     3.692     0.34    1.72
  -9413.054     3.795     0.27    1.45
  -9036.415     3.564    -0.61    1.45
  -8659.786     4.103     1.43    1.41
  -8283.167     4.516     1.10    1.36
  -7906.557     4.560     0.12    2.27
  -7529.957     4.385    -0.46    2.94
  -7153.367     3.560    -2.19    3.66
  -6776.786     3.458    -0.27    3.74
  -6400.216     3.016    -1.17    3.62
  -6023.655     3.165     0.40    4.14
  -5647.103     3.154    -0.03    4.34
  -5270.562     3.103    -0.14    4.47
  -4894.030     2.235    -2.31    4.19
  -4517.508     1.949    -0.76    3.40
  -4140.996     2.551     1.60    2.71
  -3764.493     2.308    -0.65    2.31
  -3388.000     2.135    -0.46    2.58
  -3011.517     2.410     0.73    2.53
  -2635.043     2.458     0.13    2.54
  -2258.579     2.170    -0.76    2.75
  -1882.125     1.779    -1.04    3.09
  -1505.681     1.160    -1.65    3.29
  -1129.246     1.185     0.07    3.51
   -752.821     1.458     0.73    3.36
   -376.406     1.435    -0.06    3.00
      0.000     1.520     0.23    2.76
    376.396     1.306    -0.57    2.52
    752.782     0.897    -1.08    2.54
   1129.159     1.010     0.30    2.80
   1505.526     2.235     3.25    3.25
   1881.883     3.585     3.59    3.38
   2258.231     5.487     5.06    2.49
   2634.568     6.520     2.74    1.65
   3010.897     7.060     1.43    1.27
   3387.215     7.336     0.73    1.53
   3763.524     7.385     0.13    1.52
   4139.823     7.410     0.07    1.58
   4516.113     7.174    -0.63    1.49
   4892.393     6.824    -0.93    1.48
   5268.663     6.935     0.29    1.48
   5644.924     6.949     0.04    1.70
   6021.175     7.710     2.02    1.95
   6397.416     7.974     0.70    1.90
   6773.648     8.266     0.77    1.97
   7149.870     8.411     0.39    1.98
   7526.082     7.821    -1.57    2.26
   7902.285     6.985    -2.22    2.13
   8278.478     6.077    -2.41    1.44
   8654.661     5.685    -1.04    0.88
   9030.835     5.996     0.83    1.05
   9406.999     5.750    -0.65    1.26
   9783.154     5.769     0.05    1.27
  10159.299     6.256     1.30    1.64
  10535.434     6.635     1.01    1.61
  10911.560     7.253     1.64    1.96
  11287.676     7.560     0.82    2.19
  11663.783     7.462    -0.26    2.17
  12039.879     7.235    -0.60    1.72
  12415.967     6.799    -1.16    1.50
  12792.044     6.543    -0.68    1.26
  13168.112     6.994     1.20    1.61
  13544.171     7.513     1.38    1.92
  13920.220     8.485     2.58    2.24
  14296.259     8.921     1.16    2.29
  14672.289     8.821    -0.27    2.60
  15048.309     8.218    -1.60    3.09
  15424.319     6.964    -3.34    2.38
  15800.320     6.385    -1.54    1.85
  16176.312     6.359    -0.07    1.65
  16552.293     7.092     1.95    1.82
  16928.266     8.189     2.92    2.12
  17304.228     9.128     2.50    2.52
  17680.181    10.610     3.94    3.12
  18056.125    12.179     4.18    3.23
  18432.059    13.043     2.30    3.48
  18807.983    13.897     2.27    3.23
  19183.898    13.718    -0.48    2.41
  19559.803    13.641    -0.20    2.11
  19935.699    13.806     0.44    2.02
  20311.585    15.410     4.27    3.82
  20687.461    17.103     4.50    4.61
  21063.328    18.513     3.75    4.16
  21439.186    19.335     2.19    3.22
  21815.034    18.718    -1.64    3.12
  22190.872    20.885     5.76    4.48
  22566.701    23.564     7.13    5.41
  22942.520    27.060     9.30    4.97
  23318.330    29.821     7.35    3.97
  23694.130    31.154     3.55    4.15
  24069.921    33.670     6.70    4.15
  24445.702    36.051     6.34    4.46
  24821.474    38.060     5.34    4.58
  25197.236    41.641     9.53    4.71
  25572.988    44.260     6.97    4.35
  25948.731    47.004     7.30    4.60
  26324.465    50.411     9.07    4.21
  26700.189    52.735     6.18    3.98
  27075.904    54.974     5.96    3.48
  27451.609    56.775     4.79    3.43
  27827.304    57.885     2.95    3.23
  28202.990    59.937     5.46    4.01
  28578.667    60.641     1.87    4.27
  28954.334    61.335     1.85    4.87
  29329.991    62.610     3.39    4.65
  29705.639    63.460     2.26    4.32
  30081.278    64.360     2.40    4.14
  30456.907    65.174     2.17    4.16
  30832.527    65.746     1.52    4.64
  31208.137    66.385     1.70    4.79
  31583.737    65.285    -2.93    4.99
  31959.328    64.128    -3.08    4.23
  32334.910    64.910     2.08    4.06
  32710.482    66.231     3.52    4.25
  33086.045    68.742     6.69    4.56
  33461.598    71.564     7.52    4.52
  33837.142    74.060     6.64    4.73
  34212.676    77.872    10.15    4.90
  34588.201    81.256     9.01    4.77
  34963.717    84.242     7.95    5.40
  35339.223    87.174     7.81    4.63
  35714.719    89.435     6.02    4.38
  36090.206    92.585     8.39    4.30
  36465.684    95.653     8.17    6.24
  36841.152    99.860    11.20    6.46
  37216.611   105.024    13.75    5.81
  37592.060   108.569     9.44    5.84
  37967.500   111.513     7.84    6.14
  38342.930   113.385     4.99    6.24
  38718.351   114.185     2.13    6.70
  39093.763   113.960    -0.60    7.62
  39469.165   112.385    -4.20    6.23
  39844.558   112.277    -0.29    5.45
  40219.941   113.110     2.22    6.27
  40595.315   111.165    -5.18    7.64
  40970.679   109.437    -4.60    9.24
  41346.034   108.360    -2.87   10.09
  41721.380   107.410    -2.53   13.66
  42096.716   110.660     8.66   13.71
  42472.043   113.949     8.76   14.69
  42847.360   112.810    -3.03   13.86
  43222.668   111.910    -2.40   13.02
  43597.967   110.103    -4.81   11.68
  43973.256   108.336    -4.71    8.71
  44348.536   108.249    -0.23    7.09
  44723.806   107.974    -0.73    4.30
  45099.067   109.760     4.76    4.69
  45474.319   112.435     7.13    5.56
  45849.561   115.485     8.13    6.38
  46224.794   119.662    11.13    6.06
  46600.017   123.674    10.69    5.73
  46975.231   127.385     9.89    5.28
  47350.436   131.335    10.53    5.43
  47725.631   136.897    14.82    7.69
  48100.817   141.635    12.63    8.25
  48475.994   146.735    13.59    7.94
  48851.161   150.490    10.01    6.20
  49226.319   153.019     6.74    6.15
  49601.467   154.872     4.94    5.43
  49976.607   155.231     0.96    5.68
  50351.736   156.860     4.34    5.96
  50726.857   158.410     4.13    6.95
  51101.968   162.647    11.29    7.86
  51477.070   168.231    14.89    7.44
  51852.162   172.590    11.62    8.32
  52227.245   177.051    11.89    7.52
  52602.319   181.538    11.96    6.80
  52977.383   184.336     7.46    8.38
  53352.438   185.607     3.39    9.86
  53727.484   187.077     3.92   10.13
  54102.520   191.897    12.85   10.67
  54477.547   193.744     4.92    8.61
  54852.565   194.260     1.38    7.64
  55227.573   193.332    -2.47    9.70
  55602.572   190.231    -8.27    9.69
  55977.562   188.358    -4.99    7.45
  56352.542   190.135     4.74    7.41
  56727.514   192.043     5.09    6.76
  57102.475   194.590     6.79    6.81
  57477.428   197.810     8.59    6.79
  57852.371   198.990     3.15    7.12
  58227.305   197.507    -3.96    8.71
  58602.229   197.035    -1.26    8.89
  58977.145   196.282    -2.01    7.98
  59352.051   199.560     8.74    9.33
  59726.947   200.410     2.27    9.51
  60101.835   199.623    -2.10    9.24
  60476.713   200.279     1.75    7.65
  60851.582   201.231     2.54    6.93
  61226.441   205.635    11.75   10.14
  61601.291   212.660    18.74   11.68
  61976.132   218.510    15.61   10.32
  62350.964   223.912    14.41    8.99
  62725.786   222.179    -4.62   10.06
  63100.600   216.990   -13.85   12.17
  63477.089   212.310   -12.43   13.01
  63853.751   205.615   -17.77    9.17
  64230.403   204.510    -2.94    9.80
  64607.046   206.949     6.48    9.98
  64983.680   211.937    13.24    9.79
  65360.304   216.702    12.65   11.05
  65736.919   229.019    32.70   24.22
  66113.524   241.911    34.23   26.31
  66490.120   250.785    23.56   23.46
  66866.707   256.128    14.19   20.73
  67243.284   260.872    12.60   18.96
  67619.852   261.760     2.36   13.21
  67996.411   263.359     4.25   12.57
  68372.961   269.908    17.39   11.87
  68749.501   277.279    19.57   11.77
  69126.031   289.685    32.94   19.59
  69502.553   299.897    27.12   19.80
  69879.065   305.604    15.16   15.24
  70255.568   305.710     0.28   15.33
  70632.061   297.846   -20.89   16.54
  71008.545   292.085   -15.30   13.56
  71385.020   291.210    -2.32   14.36
  71761.485   289.653    -4.13   17.20
  72137.942   289.310    -0.91   18.39
  72514.388   286.923    -6.34   17.39
  72890.826   288.069     3.04   13.88
  73267.254   290.279     5.87   12.22
  73643.673   291.135     2.27   10.16
  74020.083   293.435     6.11    9.23
  74396.483   295.010     4.18   10.25
  74772.874   297.615     6.92   10.40
  75149.256   300.357     7.28    9.06
  75525.629   301.735     3.66    7.60
  75901.992   303.010     3.39    7.34
  76278.346   304.538     4.06    7.51
  76654.690   306.435     5.04    7.75
  77031.026   308.205     4.70    7.85
  77407.352   308.824     1.64    6.91
  77783.668   309.615     2.10    6.46
  78159.976   311.460     4.90    6.12
  78536.274   316.000    12.07    7.34
  78912.563   320.333    11.52    7.39
  79288.843   324.789    11.84    7.06
  79665.113   329.516    12.56    5.91
  80041.375   334.051    12.05    7.35
  80417.627   339.510    14.51    6.91
  80793.869   345.310    15.41    7.52
  81170.103   350.785    14.55    7.03
  81546.327   355.440    12.37    5.67
  81922.542   359.051     9.60    5.72
  82298.747   360.385     3.54    5.49
  82674.944   358.641    -4.63    7.63
  83051.131   357.410    -3.27    9.16
  83427.309   354.872    -6.75   11.30
  83803.478   348.718   -16.36   14.23
  84179.637   344.621   -10.89   14.10
  84555.787   344.179    -1.17   12.06
  84931.929   347.068     7.68   12.52
  85308.060   353.306    16.58   13.26
  85684.183   359.482    16.42   11.87
  86060.296   361.727     5.97   10.55
  86436.400   366.604    12.97   10.67
  86812.495   371.026    11.76   11.19
  87188.581   379.103    21.48   11.01
  87564.658   383.604    11.97    7.88
  87940.725   384.043     1.17    8.58
  88316.783   381.946    -5.58    9.04
  88692.832   381.077    -2.31    6.59
  89068.872   382.946     4.97    5.77
  89444.902   385.000     5.46    5.01
  89820.923   386.385     3.68    4.22
  90196.935   385.410    -2.59    5.08
  90572.938   383.135    -6.05    6.37
  90948.932   381.821    -3.49    6.01
  91324.917   381.179    -1.70    5.41
  91700.892   382.095     2.44    4.77
  92076.858   384.332     5.95    5.22
  92452.815   387.746     9.08    5.45
  92828.763   391.585    10.21    6.12
  93204.702   394.885     8.78    6.23
  93580.631   398.110     8.58    6.97
  93956.551   400.462     6.26    7.29
  94332.462   403.569     8.27    6.92
  94708.364   405.604     5.41    5.79
  95084.257   408.103     6.65    5.17
  95460.141   410.179     5.53    5.30
  95836.015   411.910     4.60    5.67
  96211.881   412.385     1.26    7.90
  96587.737   414.885     6.65   13.00
  96963.584   417.077     5.83   18.03
  97339.422   417.385     0.82   18.14
  97715.250   411.205   -16.44   14.65
  98091.070   405.507   -15.16   12.60
  98466.880   403.635    -4.98   12.33
  98842.682   402.468    -3.10   12.81
  99218.474   397.510   -13.19   14.01
  99594.257   391.760   -15.30   14.30
  99970.031   387.885   -10.31   18.43
 100345.796   383.560   -11.51   18.07
 100721.551   381.590    -5.24   17.04
 101097.298   383.885     6.11   16.32
 101473.035   388.628    12.62   19.95
 101848.763   392.710    10.86   28.54
 102224.483   384.263   -22.48   31.53
 102600.193   377.564   -17.83   34.33
 102975.894   354.735   -60.76   18.82
 103351.586   345.174   -25.45   12.03
 103727.268   342.921    -6.00   12.41
 104102.942   350.135    19.20   26.10
 104478.606   352.436     6.13   27.69
 104854.262   353.685     3.32   27.25
 105229.908   347.564   -16.29   30.00
 105605.545   326.813   -55.24   23.48
 105981.174   309.858   -45.13   21.44
 106356.793   295.692   -37.71   17.65
 106732.403   283.635   -32.10   11.74
 107108.003   274.359   -24.69   10.17
 107483.595   266.735   -20.30   10.35
 107859.178   260.079   -17.72    7.64
 108234.752   258.769    -3.49    7.91
 108610.316   259.806     2.76   11.56
 108985.872   262.700     7.71   14.54
 109361.418   267.154    11.86   13.40
 109736.956   277.227    26.82   30.78
 110112.484   297.179    53.13   40.09
 110488.003   308.832    31.03   36.89
 110863.513   307.785    -2.79   37.89
 111239.014   297.775   -26.66   33.68
 111614.506   286.925   -28.89   21.55
 111989.989   283.260    -9.76   13.13
 112365.463   293.306    26.75   19.04
 112740.928   311.702    48.99   29.83
 113116.384   322.795    29.54   25.64
 113491.831   328.897    16.25   24.98
 113867.269   317.702   -29.82   31.83
 114242.697   302.595   -40.24   28.99
 114618.117   286.653   -42.46   27.31
 114993.528   275.256   -30.36   16.29
 115368.929   271.507    -9.99   15.12
 115744.322   268.692    -7.50   13.80
 116119.706   262.333   -16.94   14.53
 116495.080   260.235    -5.59   14.44
 116870.446   258.385    -4.93   12.39
 117245.802   257.821    -1.50    8.99
 117621.150   259.308     3.96    8.55
 117996.488   256.615    -7.17    8.47
 118371.818   252.885    -9.94    8.37
 118747.138   247.940   -13.17    8.86
 119122.450   243.960   -10.61    8.55
 119497.752   239.744   -11.23    7.75
 119873.046   239.110    -1.69    5.89
 120248.330   242.660     9.46    8.90
 120623.605   247.128    11.91   10.70
 120998.872   255.336    21.87   10.00
 121374.129   260.795    14.55    7.85
 121749.378   264.260     9.23    7.20
 122124.617   267.700     9.17    6.59
 122499.848   268.385     1.82    5.75
 122875.069   267.604    -2.08    5.97
 123250.282   264.990    -6.97    7.69
 123625.485   264.060    -2.48    8.04
 124000.680   261.727    -6.22    9.27
 124375.866   261.702    -0.07    8.64
 124751.042   260.960    -1.98    8.02
 125126.210   257.231    -9.94    7.33
 125501.369   254.333    -7.72    6.72
 125876.518   249.937   -11.72    6.57
 126251.659   246.274    -9.77    8.64
 126626.791   244.225    -5.46    9.07
